1200;13;1;7809;MC1车火灾报警;3;1
1201;13;2;7825;TP1车火灾报警;3;1
1202;13;3;7849;M1车火灾报警;3;1
1203;13;4;7873;M3车火灾报警;3;1
1204;13;5;7897;TB车火灾报警;3;1
1205;13;6;7921;M2车火灾报警;3;1
1206;13;7;7945;TP2车火灾报警;3;1
1207;13;8;7969;MC2车火灾报警;3;1
1208;13;1;7811;MC1车烟雾传感器故障;4;2
1209;13;2;7827;TP1车烟雾传感器故障;4;2
1210;13;3;7851;M1车烟雾传感器故障;4;2
1211;13;4;7875;M3车烟雾传感器故障;4;2
1212;13;5;7899;TB车烟雾传感器故障;4;2
1213;13;6;7923;M2车烟雾传感器故障;4;2
1214;13;7;7947;TP2车烟雾传感器故障;4;2
1215;13;8;7971;MC2车烟雾传感器故障;4;2
1216;4;1;8209;主控手柄失灵;4;3
1218;6;1;6901;制动试验制动一级未通过;5;4
1219;6;1;6902;制动试验制动二级未通过;5;5
1220;6;1;6903;制动试验制动三级未通过;5;6
1221;6;1;6904;制动试验制动四级未通过;5;7
1222;6;1;6905;制动试验制动五级未通过;5;8
1223;4;1;8209;主控紧急制动位故障;4;3
1224;4;1;8209;主控制动7位置位故障;4;3
1225;4;1;8209;主控制动6位置位故障;4;3
1226;4;1;8209;主控制动5位置位故障;4;3
1227;4;1;8209;主控制动4位置位故障;4;3
1228;4;1;8209;主控制动3位置位故障;4;3
1229;4;1;8209;主控制动2位置位故障;4;3
1230;4;1;8209;主控制动1位置位故障;4;3
1231;4;1;8209;主控0位置位故障;4;3
1232;4;1;8209;主控制动匀速位置位故障;4;3
1233;4;1;8209;主控加速1位置位故障;4;3
1234;4;1;8209;主控加速2位置位故障;4;3
1235;4;1;8209;主控加速3位置位故障;4;3
1236;4;1;8209;主控减速1位置位故障;4;3
1237;4;1;8209;主控减速2位置位故障;4;3
1238;4;1;8209;主控减速3位置位故障;4;3
1239;1;1;3100;网侧电压不正常;5;9
1240;1;1;3218;网侧过电流;4;10
1241;1;1;3418;网侧过电流;4;10
1242;1;1;3410;受电弓故障;4;11
1243;1;1;3210;受电弓故障;4;11
1244;1;1;3222;网侧过电流;4;12
1245;1;1;3422;网侧过电流;4;12
1246;1;2;3219;接地开关闭合;3;13
1247;1;5;3319;接地开关闭合;3;13
1248;1;7;3419;接地开关闭合;3;13
1249;1;7;3619;二次绕组温度高于120°C;5;14
1250;1;7;3616;主变压器油温高于115°C;5;15
1251;2;1;4027;MCM1接地故障;5;16
1252;2;1;4028;MCM2接地故障;5;17
1253;2;1;4127;MCM1接地故障;5;16
1254;2;1;4128;MCM2接地故障;5;17
1255;2;1;4060;MCM1 牵引驱动主要机械故障;5;18
1256;2;3;4060;MCM1 牵引驱动主要机械故障;5;18
1257;2;4;4060;MCM1 牵引驱动主要机械故障;5;18
1258;2;7;4060;MCM1 牵引驱动主要机械故障;5;18
1259;2;8;4060;MCM1 牵引驱动主要机械故障;5;18
1260;2;1;4061;MCM2 牵引驱动主要机械故障;5;18
1261;2;3;4061;MCM2 牵引驱动主要机械故障;5;18
1262;2;4;4061;MCM2 牵引驱动主要机械故障;5;18
1263;2;6;4061;MCM2 牵引驱动主要机械故障;5;18
1264;2;8;4061;MCM2 牵引驱动主要机械故障;5;18
1265;2;1;4427;速度传感器1故障;5;19
1266;2;1;4428;速度传感器2故障;5;19
1267;2;1;4527;速度传感器3故障;5;19
1268;2;1;4528;速度传感器4故障;5;19
1269;2;4;4627;速度传感器1故障;5;19
1270;2;4;4628;速度传感器2故障;5;19
1271;2;4;4727;速度传感器3故障;5;19
1272;2;4;4728;速度传感器4故障;5;19
1273;2;1;4011;MCM1不按指令启动;5;20
1274;2;3;4011;MCM1不按指令启动;5;20
1275;2;4;4011;MCM1不按指令启动;5;20
1276;2;6;4011;MCM1不按指令启动;5;20
1277;2;8;4111;MCM1不按指令启动;5;20
1278;2;6;4427;速度传感器1故障;5;19
1279;2;6;4428;速度传感器2故障;5;19
1280;2;6;4527;速度传感器3故障;5;19
1281;2;6;4528;速度传感器4故障;5;19
1282;6;1;4443;两个速度传感器故障;5;21
1283;6;1;4543;两个速度传感器故障;5;21
1284;6;4;4643;两个速度传感器故障;5;21
1285;6;4;4743;两个速度传感器故障;5;21
1286;6;6;4443;两个速度传感器故障;5;21
1287;6;6;4543;两个速度传感器故障;5;21
1288;2;1;4010;LCM不按指令启动;5;22
1289;2;3;4010;LCM不按指令启动;5;22
1290;2;4;4110;LCM不按指令启动;5;22
1291;2;6;4010;LCM不按指令启动;5;22
1292;2;8;4010;LCM不按指令启动;5;22
1293;4;1;8239;列车与GPS速度差别太大;5;23
1294;4;3;8239;列车与GPS速度差别太大;5;23
1295;4;4;8239;列车与GPS速度差别太大;5;23
1296;4;6;8239;列车与GPS速度差别太大;5;23
1297;4;8;8239;列车与GPS速度差别太大;5;23
1298;2;1;4013;ACM不按指令启动;5;24
1299;2;3;4013;ACM不按指令启动;5;24
1300;2;4;4113;ACM不按指令启动;5;24
1301;2;6;4013;ACM不按指令启动;5;24
1302;2;8;4013;ACM不按指令启动;5;24
1303;2;1;8205;主控手柄故障;3;25
1304;2;1;8235;DSD/CCU紧急制动继电器故障;3;26
1305;10;2;5124;干燥塔故障;4;27
1306;10;5;5124;干燥塔故障;4;27
1307;10;7;5124;干燥塔故障;4;27
1308;10;2;5101;主风缸压力偏差;4;41
1309;10;5;5101;主风缸压力偏差;4;41
1310;10;7;5101;主风缸压力偏差;4;41
1311;10;2;5102;主风缸低压(700 kPa);4;29
1312;10;2;5103;主风缸低压(600 kPa);3;28
1313;10;2;5104;主风缸低压(400 kPa);3;30
1314;4;1;8228;紧急制动回路电源被切断;3;31
1315;11;1;7403;厕所水箱空;4;;32
1316;11;2;7403;厕所水箱空;4;;32
1317;11;3;7403;厕所水箱空;4;;32
1318;11;4;7404;厕所水箱空;4;;32
1319;11;5;7404;厕所水箱空;4;;32
1320;11;6;7405;厕所水箱空;4;;32
1321;11;7;7405;厕所水箱空;4;;32
1322;11;8;7405;厕所水箱空;4;;32
1323;8;1;1321;伸出车钩故障;4;33
1324;8;8;1321;伸出车钩故障;4;33
1325;12;1;2230;1轴左侧轴温传感器故障;4;34
1326;12;2;2230;1轴左侧轴温传感器故障;4;34
1327;12;3;2230;1轴左侧轴温传感器故障;4;34
1328;12;4;2238;1轴左侧轴温传感器故障;4;34
1329;12;5;2238;1轴左侧轴温传感器故障;4;34
1330;12;6;2238;1轴左侧轴温传感器故障;4;34
1331;12;7;2246;1轴左侧轴温传感器故障;4;34
1332;12;8;2246;1轴左侧轴温传感器故障;4;34
1333;6;1;6083;行驶中施加停放制动;3;35
1334;6;5;6283;行驶中施加停放制动;3;35
1335;6;8;6083;行驶中施加停放制动;3;35
1336;3;1;1405;1号车门无法释放;5;36
1337;3;2;1405;2号车门无法释放;5;36
1338;3;3;1505;3号车门无法释放;5;36
1339;3;4;1605;4号车门无法释放;5;36
1340;3;5;1705;5号车门无法释放;5;36
1341;3;6;1805;6号车门无法释放;5;36
1342;3;7;1905;7号车门无法释放;5;36
1343;3;8;1905;8号车门无法释放;5;36
1344;3;1;1408;1号门控制单元故障;4;37
1345;3;2;1408;2号门控制单元故障;4;37
1346;3;3;1408;3号门控制单元故障;4;37
1347;3;4;1408;4号门控制单元故障;4;37
1348;3;5;1408;5号门控制单元故障;4;37
1349;3;6;1408;6号门控制单元故障;4;37
1350;3;7;1408;7号门控制单元故障;4;37
1351;3;8;1408;8号门控制单元故障;4;37
1352;6;1;6900;乘客紧急制动激活;3;58
1353;6;2;6900;乘客紧急制动激活;3;58
1354;6;3;6900;乘客紧急制动激活;3;58
1355;6;4;6900;乘客紧急制动激活;3;58
1356;6;5;6900;乘客紧急制动激活;3;58
1357;6;6;6900;乘客紧急制动激活;3;58
1358;6;7;6900;乘客紧急制动激活;3;58
1359;6;8;6900;乘客紧急制动激活;3;58
1360;6;1;6081;不缓解停放制动;5;39
1361;6;3;6081;不缓解停放制动;5;39
1362;6;4;6081;不缓解停放制动;5;39
1363;6;6;6081;不缓解停放制动;5;39
1364;6;8;6081;不缓解停放制动;5;39
1365;6;1;6001;被监测车辆的轮对不旋转;3;40
1366;6;3;6001;被监测车辆的轮对不旋转;3;40
1367;6;4;6101;被监测车辆的轮对不旋转;3;40
1368;6;6;6101;被监测车辆的轮对不旋转;3;40
1369;6;8;6201;被监测车辆的轮对不旋转;3;40
1370;1;5;3619;二次绕组温度高于120°C;5;14
1371;1;2;3619;二次绕组温度高于120°C;5;14
1372;1;5;3616;主变压器油温高于115°C;5;15
1373;1;2;3616;主变压器油温高于115°C;5;15
1374;4;1;8204;不允许改变驾驶方向;4;44
1375;-1;1;8219;牵引封锁：ATP系统请求;1;45
1376;-1;1;8218;牵引封锁：乘客紧急制动;1;46
1377;-1;1;8222;牵引封锁：降弓故障;1;47
1378;-1;1;8220;牵引封锁：门未关闭;1;48
1379;-1;1;8210;牵引封锁：施加紧急制动;1;49
1380;-1;1;8221;牵引封锁：停放制动施加;1;50
1381;-1;1;8213;牵引封锁：正在进行DSD测试;1;51
1382;2;1;4001;DCU/L: MVB 通信故障;3;52
1383;2;3;4001;DCU/L: MVB 通信故障;3;52
1384;2;4;4001;DCU/L: MVB 通信故障;3;52
1385;2;6;4001;DCU/L: MVB 通信故障;3;52
1386;2;8;4001;DCU/L: MVB 通信故障;3;52
1387;10;1;6074;和BCU通信异常;4;54
1388;10;2;6074;和BCU通信异常;4;54
1389;10;3;6174;和BCU通信异常;4;54
1390;10;4;6174;和BCU通信异常;4;54
1391;10;5;6274;和BCU通信异常;4;54
1392;10;6;6274;和BCU通信异常;4;54
1393;10;7;6374;和BCU通信异常;4;54
1394;10;8;6374;和BCU通信异常;4;54
1395;10;1;6064;1轴制动缸压力偏差;5;55
1396;10;1;6055;Cv-压力不正确;5;56
1397;1;2;3216;GFX-3出现故障;4;57
1398;1;5;3216;GFX-3出现故障;4;57
1399;1;7;3416;GFX-3出现故障;4;57
1400;6;2;6900;乘客紧急制动被激活;3;58
1401;6;5;6900;乘客紧急制动被激活;3;58
1402;6;7;6900;乘客紧急制动被激活;3;58
1403;1;2;3210;受电弓故障;4;59
1404;1;7;3410;受电弓故障;4;59
1405;1;2;3212;碳滑板监控装置关闭;5;60
1406;1;7;3412;碳滑板监控装置关闭;5;60

1500;1;2;3211;受电弓被切除;5;100
1501;1;7;3411;受电弓被切除;5;101
1502;1;2;3202;LCBT被切除;5;102
1503;1;2;3207;LCBB被切除;5;103
1504;1;5;3302;LCBT被切除;5;102
1505;1;7;3407;LCBB被切除;5;103
1506;1;7;3402;LCBT被切除;5;102
1507;4;1;8706;DSD切断开关激活;3;104
1508;4;1;8243;CCU紧急制动和失速继电器旁路;3;105
1509;4;1;8603;无ATP在运行;3;106
1510;4;1;8256;回送模式;5;107
1511;4;1;8257;被回送模式;5;108
1512;4;2;8323;在IDU上锁闭主压缩机;5;109
1513;4;5;8323;在IDU上锁闭主压缩机;5;109
1514;4;7;8323;在IDU上锁闭主压缩机;5;109
1515;10;2;5141;本地主风缸压力传感器被切除;5;110
1516;10;5;5141;本地主风缸压力传感器被切除;5;110
1517;10;7;5141;本地主风缸压力传感器被切除;5;110
1518;2;1;4275;切除LCM;5;111
1519;2;3;4275;切除LCM;5;111
1520;2;5;4375;切除LCM;5;111
1521;2;6;4275;切除LCM;5;111
1522;2;8;4275;切除LCM;5;111
1523;5;1;5475;ACM被切除;5;112
1524;5;1;5475;ACM被切除;5;112
1525;5;1;5575;ACM被切除;5;112
1526;5;1;5475;ACM被切除;5;112
1527;5;1;5475;ACM被切除;5;112
1528;4;1;8334;在IDU上切除Mc车MCM 1;5;113
1529;4;1;8335;在IDU上切除Mc车MCM 2;5;113
1530;4;1;8336;在IDU上切除M车MCM 1;5;113
1531;4;1;8337;在IDU上切除M车MCM 2;5;113
1532;4;1;8336;在IDU上切除M车MCM 1;5;113
1533;4;1;8337;在IDU上切除M车MCM 2;5;113
1534;4;1;8336;在IDU上切除M车MCM 1;5;113
1535;4;1;8337;在IDU上切除M车MCM 2;5;113
1536;4;1;8334;在IDU上切除Mc车MCM 1;5;113
1537;4;1;8335;在IDU上切除Mc车MCM 2;5;113
1538;4;1;8296;车轮校准已实施;1;4;114
685;-1;1;-1;故障;8;42
686;-1;1;-1;通讯丢失;8;43
687;-1;1;-1;列车未配置;9;43
688;-1;1;-1;泊车！;9;53