100	1	消息等级0-1	0
101	2	消息等级0-2	0
102	3	消息等级0-3	0
103	4	消息等级0-4	0
104	5	消息等级0-5	0
105	6	消息等级0-6	0
106	7	消息等级0-7	0
107	8	消息等级0-8	0
108	9	消息等级0-9	0
109	10	消息等级0-10	0
110	11	消息等级0-11	0
111	12	消息等级0-12	0
112	13	消息等级0-13	0
113	14	消息等级0-14	0
114	15	消息等级0-15	0
115	16	消息等级0-16	0
116	17	消息等级0-17	0
117	18	消息等级0-18	0
118	19	消息等级0-19	0
119	20	消息等级0-20	0
120	21	消息等级0-21	0
121	22	消息等级0-22	0
122	23	消息等级0-23	0
123	24	消息等级0-24	0
124	25	消息等级0-25	0
125	26	消息等级0-26	0
126	27	消息等级0-27	0
127	28	消息等级0-28	0
128	29	消息等级0-29	0
129	30	消息等级0-30	0
130	31	消息等级0-31	0
131	32	消息等级0-32	0
132	33	消息等级0-33	0
133	34	消息等级0-34	0
134	35	消息等级0-35	0
135	36	消息等级0-36	0
136	37	消息等级0-37	0
137	38	消息等级0-38	0
138	39	消息等级0-39	0
139	40	消息等级0-40	0
140	41	消息等级0-41	0
141	42	消息等级0-42	0
142	43	消息等级0-43	0
143	44	消息等级0-44	0
144	45	消息等级0-45	0
145	46	消息等级0-46	0
146	47	消息等级0-47	0
147	48	消息等级0-48	0
148	49	消息等级0-49	0
149	50	消息等级0-50	0
150	51	消息等级0-51	0
151	52	消息等级0-52	0
152	53	消息等级0-53	0
153	54	消息等级0-54	0
154	55	消息等级0-55	0
155	56	消息等级0-56	0
156	57	消息等级0-57	0
157	58	消息等级0-58	0
158	59	消息等级0-59	0
159	60	消息等级0-60	0
160	61	消息等级0-61	0
161	62	消息等级0-62	0
162	63	消息等级0-63	0
163	64	消息等级0-64	0
164	65	消息等级0-65	0
165	66	消息等级0-66	0
166	67	消息等级0-67	0
167	68	消息等级0-68	0
168	69	消息等级0-69	0
169	70	消息等级0-70	0
170	71	消息等级1-1	1
171	72	消息等级1-2	1
172	73	消息等级1-3	1
173	74	消息等级1-4	1
174	75	消息等级1-5	1
175	76	消息等级1-6	1
176	77	消息等级1-7	1
177	78	消息等级1-8	1
178	79	消息等级1-9	1
179	80	消息等级1-10	1
180	81	消息等级1-11	1
181	82	消息等级1-12	1
182	83	消息等级1-13	1
183	84	消息等级1-14	1
184	85	消息等级1-15	1
185	86	消息等级1-16	1
186	87	消息等级1-17	1
187	88	消息等级1-18	1
188	89	消息等级1-19	1
189	90	消息等级1-20	1
190	91	消息等级1-21	1
191	92	消息等级1-22	1
192	93	消息等级1-23	1
193	94	消息等级1-24	1
194	95	消息等级1-25	1
195	96	消息等级1-26	1
196	97	消息等级1-27	1
197	98	消息等级1-28	1
198	99	消息等级1-29	1
199	100	消息等级1-30	1

