1232	1	1	接触网低电压	0
1233	2	1	主变压器过流	0
1234	3	1	油泵1油流不良	1
1235	4	1	油泵2油流不良	1
1236	5	1	牵引电机1故障	0
1237	6	1	牵引电机2故障	0
1238	7	1	变压器温度过高	3
1239	8	1	变压器压力过高	4
1240	9	1	冷却风机故障1	5
1241	10	1	牵引电机3故障	0
1242	11	1	冷却风机故障2	5
1243	12	1	牵引电机4故障	0
1244	13	1	油泵MA21故障	0
1245	14	1	牵引电机5故障	0
1246	15	1	油泵MA22故障	0
1247	16	1	牵引电机6故障	0
1248	17	1	牵引通风机MA11故障	2
1249	18	1	水泵1/2故障	0
1250	19	1	牵引通风机MA12故障	2
1251	20	1	备用	0
1252	21	1	车体通风机1故障	2
1253	22	1	接触网高电压	0
1254	23	1	车体通风机2故障	2
1255	24	1	主变流器CI1故障	12
1256	25	1	主变流器CI2故障	12
1257	26	1	主变流器CI3故障	12
1258	27	1	主变流器CI4故障	12
1259	28	1	主变流器CI5故障	12
1260	29	1	风机MA11通风不良	0
1261	30	1	风机MA12通风不良	0
1262	31	1	主变流器CI6故障	12
1263	32	1	原边过流故障	0
1264	33	1	列供柜1故障	0
1265	34	1	列供柜2故障	0
1266	35	2	CI1水泵故障	0
1267	36	2	CI1冷却器高温	6
1268	37	2	CI1水流下降	0
1269	38	2	CI1接地	1
1270	39	2	CI1二次接地	7
1271	40	2	CI1二次过负荷	7
1272	41	2	CI1二次过电流	1
1273	42	2	CI1整流故障	7
1274	43	2	CI1逆变故障	7
1275	44	2	电动机M1过负荷	7
1276	45	2	电动机M1过流	8
1277	46	2	CI1一次过电压	8
1278	47	2	CI1整流过电压	8
1279	48	2	CI1 OVTR故障	8
1280	49	2	CI1 PG输出异常	1
1281	50	2	CI1电流不均衡	1
1282	51	2	CI1 PG故障	8
1283	52	2	CI1门电源异常	9
1284	53	2	CI1电源下降5V	9
1285	54	2	CI1电源下降15V	9
1286	55	2	CI1电源下降12V	9
1287	56	2	CI1电源下降24V	9
1288	57	2	CI1电源下降100	9
1289	58	2	CI1微机故障	1
1290	59	2	CI1初期化异常	10
1291	60	2	CI1充电故障	1
1292	61	2	CI1接触器粘着	1
1293	62	2	CI1 再生失效	8
1294	63	2	CI1传送异常	0
1295	64	2	CI1电源停止	0
1296	65	2	CI2水泵故障	0
1297	66	2	CI2冷却器高温	6
1298	67	2	CI2水流下降1	0
1299	68	2	CI2接地	1
1300	69	2	CI2二次接地1	7
1301	70	2	CI2二次过负荷1	7
1302	71	2	CI2二次过电流	1
1303	72	2	CI2整流故障	7
1304	73	2	CI2逆变故障	7
1305	74	2	电动机M2过负荷	7
1306	75	2	电动机M2过流	8
1307	76	2	CI2一次过电压	8
1308	77	2	CI2整流过电压	8
1309	78	2	CI2 OVTR故障	8
1310	79	2	CI2 PG输出异常	1
1311	80	2	CI2电流不均衡	1
1312	81	2	CI2 PG故障	8
1313	82	2	CI2门电源异常	9
1314	83	2	CI2电源下降5V	9
1315	84	2	CI2电源下降15V	9
1316	85	2	CI2电源下降12V	9
1317	86	2	CI2电源下降24V	9
1318	87	2	CI2电源下降100	9
1319	88	2	CI2微机故障	1
1320	89	2	CI2初期化异常	10
1321	90	2	CI2充电故障	1
1322	91	2	CI2接触器粘着	1
1323	92	2	CI2 再生失效	8
1324	93	2	CI2传送异常	0
1325	94	2	CI2电源停止	0
1326	95	2	CI3水泵故障	0
1327	96	2	CI3冷却器高温	6
1328	97	2	CI3水流下降	0
1329	98	2	CI3接地	1
1330	99	2	CI3二次接地	7
1331	100	2	CI3二次过负荷	7
1332	101	2	CI3二次过电流	1
1333	102	2	CI3整流故障	7
1334	103	2	CI3逆变故障	7
1335	104	2	电动机M3过负荷	7
1336	105	2	电动机M3过流	8
1337	106	2	CI3一次过电压	8
1338	107	2	CI3整流过电压	8
1339	108	2	CI3 OVTR故障	8
1340	109	2	CI3 PG输出异常	1
1341	110	2	CI3电流不均衡	1
1342	111	2	CI3 PG故障	8
1343	112	2	CI3门电源异常	9
1344	113	2	CI3电源下降5V	9
1345	114	2	CI3电源下降15V	9
1346	115	2	CI3电源下降12V	9
1347	116	2	CI3电源下降24V	9
1348	117	2	CI3电源下降100	9
1349	118	2	CI3微机故障	1
1350	119	2	CI3初期化异常	10
1351	120	2	CI3充电故障	1
1352	121	2	CI3接触器粘着	1
1353	122	2	CI3 再生失效	8
1354	123	2	CI3传送异常	0
1355	124	2	CI3电源停止	0
1356	125	2	CI4水泵故障	0
1357	126	2	CI4冷却器高温	6
1358	127	2	CI4水流下降	0
1359	128	2	CI4接地	1
1360	129	2	CI4二次接地	7
1361	130	2	CI4二次过负荷	7
1362	131	2	CI4二次过电流	1
1363	132	2	CI4整流故障	7
1364	133	2	CI4逆变故障	7
1365	134	2	电动机M4过负荷	7
1366	135	2	电动机M4过流	8
1367	136	2	CI4一次过电压	8
1368	137	2	CI4整流过电压	8
1369	138	2	CI4  OVTR故障	8
1370	139	2	CI4 PG输出异常	1
1371	140	2	CI4电流不均衡	1
1372	141	2	CI4 PG故障	8
1373	142	2	CI4门电源异常	9
1374	143	2	CI4电源下降5V	9
1375	144	2	CI4电源下降15V	9
1376	145	2	CI4电源下降12V	9
1377	146	2	CI4电源下降24V	9
1378	147	2	CI4电源下降100	9
1379	148	2	CI4微机故障	1
1380	149	2	CI4初期化异常	10
1381	150	2	CI4充电故障	1
1382	151	2	CI4接触器粘着	1
1383	152	2	CI4 再生失效	8
1384	153	2	CI4传送异常	0
1385	154	2	CI4电源停止	0
1386	155	2	CI5水泵故障	0
1387	156	2	CI5冷却器高温	6
1388	157	2	CI5水流下降	0
1389	158	2	CI5接地	1
1390	159	2	CI5二次接地	7
1391	160	2	CI5二次过负荷	7
1392	161	2	C5二次过电流	1
1393	162	2	CI5整流故障	7
1394	163	2	CI5逆变故障	7
1395	164	2	电动机M5过负荷	7
1396	165	2	电动机M5过流	8
1397	166	2	CI5一次过电压	8
1398	167	2	CI5整流过电压	8
1399	168	2	CI5 OVTR故障	8
1400	169	2	CI5 PG输出异常	1
1401	170	2	CI5电流不均衡	1
1402	171	2	CI5 PG故障	8
1403	172	2	CI5门电源异常	9
1404	173	2	CI5电源下降5V	9
1405	174	2	CI5电源下降15V	9
1406	175	2	CI5电源下降12V	9
1407	176	2	CI5电源下降24V	9
1408	177	2	CI5电源下降100	9
1409	178	2	CI5微机故障	1
1410	179	2	CI5初期化异常	10
1411	180	2	CI5充电故障	1
1412	181	2	CI5接触器粘着	1
1413	182	2	CI5 再生失效	8
1414	183	2	CI5传送异常	0
1415	184	2	CI5电源停止	0
1416	185	2	CI6水泵故障	0
1417	186	2	CI6冷却器高温	6
1418	187	2	CI6水流下降	0
1419	188	2	CI6接地	1
1420	189	2	CI6二次接地2	7
1421	190	2	CI6二次过负荷2	7
1422	191	2	CI6二次过电流	1
1423	192	2	CI6整流故障	7
1424	193	2	CI6逆变故障	7
1425	194	2	电动机M6过负荷	7
1426	195	2	电动机M6过流	8
1427	196	2	CI6一次过电压	8
1428	197	2	CI6整流过电压	8
1429	198	2	CI6 OVTR故障	8
1430	199	2	CI6 PG输出异常	1
1431	200	2	CI6电流不均衡	1
1432	201	2	CI6 PG故障	8
1433	202	2	CI6门电源异常	9
1434	203	2	CI6电源下降5V	9
1435	204	2	CI6电源下降15V	9
1436	205	2	CI6电源下降12V	9
1437	206	2	CI6电源下降24V	9
1438	207	2	CI6电源下降100	9
1439	208	2	CI6微机故障	1
1440	209	2	CI6初期化异常	10
1441	210	2	CI6充电故障	1
1442	211	2	CI6接触器粘着	1
1443	212	2	CI6 再生失效	8
1444	213	2	CI6传送异常	0
1445	214	2	ＣCI6电源停止	0
1446	215	2	APU1 FC过电压	0
1447	216	1	供电柜通讯故障	0
1448	217	1	APU1门异常	0
1449	218	1	APU1输出过流	0
1450	219	1	APU1I过负荷	0
1451	220	1	APU1电流极限	0
1452	221	1	APU1-I电源下降15	0
1453	222	1	APU1-I电源下降50	0
1454	224	1	APU1控制电压低	0
1455	225	1	APU1温度过高	0
1456	228	1	APU1风机故障	11
1457	229	1	APU1-I 油泵不良	0
1458	230	1	APU1I不动	0
1459	231	1	APU1传送异常	0
1460	232	1	APU2-I FC过电压	0
1461	234	1	APU2门异常	0
1462	235	1	APU2输出过流	0
1463	236	1	APU2过负荷	0
1464	237	1	APU2电流极限	0
1465	238	1	APU2-I电源下降15	0
1466	239	1	APU2-I电源下降50	0
1467	241	1	APU2-I控制电压低	0
1468	242	1	APU2温度过高	0
1469	245	1	APU2-I风机故障	11
1470	246	1	APU2油泵不良	0
1471	247	1	APU2-I不动	0
1472	248	1	APU2传送异常	0
1473	249	2	电控装置故障	0
1474	250	2	Brake Wsp 故障	0
1475	251	2	压缩器MA19故障	0
1476	252	2	压缩器MA20故障	0
1477	253	2	空调EV11故障	0
1478	254	2	空调EV12故障	0
1479	255	2	自动过分相故障	0
1480	256	2	受电弓1故障	0
1481	257	2	受电弓2故障 	0
1482	258	2	TCMS 1系故障	0
1483	259	2	TCMS 2系故障	0
1484	260	1	APU1-C DF熔断 	0
1485	261	1	APU2-C DF熔断 	0
1486	262	1	DC110V 运转停止	0
1487	263	1	APU1-C FC过电压	0
1488	264	1	APU1-C电压不确定	0
1489	265	1	APU1-C门异常	0
1490	269	1	APU1-C电源下降15	0
1491	270	1	APU1-C电源下降50	0
1492	273	1	APU1-C输入过流	0
1493	275	1	APU1-C控制电压低	0
1494	276	1	APU1-C温度过高	0
1495	277	1	APU1-C 频率异常	0
1496	278	1	APU1-C接地	1
1497	279	1	APU1-C DC 熔丝熔断	0
1498	280	1	APU1-C AC熔丝熔断 	0
1499	281	1	APU1-C不动	0
1500	282	1	APU1-C传送异常	0
1501	283	1	APU2-C FC过电压	0
1502	284	1	APU2-C电压不确定	0
1503	285	1	APU2-C门异常	0
1504	289	1	APU2-C电源下降15	0
1505	290	1	APU2-CI电源下降50	0
1506	293	1	APU2-C输入过流	0
1507	295	1	APU2-C控制电压低	0
1508	296	1	APU2-C温度过高	0
1509	297	1	APU2-C 频率异常	0
1510	298	1	APU2-C接地	1
1511	299	1	APU2-C DC熔丝熔断	0
1512	300	1	APU2-C AC熔丝熔断	0
1513	301	1	APU2-C不动	0
1514	302	1	APU2-C传送异常	0
1515	303	2	主断异常	0
1516	304	2	警惕装置动作	0
1517	340	2	制动机MV-53故障	0
1518	364	2	制动机 传送异常	0
1519	365	2	无人警惕隔离	0
1520	379	2	弹停制动阀被隔离	0
1521	401	2	PSU1通讯故障	0
1522	413	2	PSU2通讯故障	0
1523	427	2	PSU1，2运转停止	0
1524	499	1	DC110V电源1故障	0
1525	500	1	DC110V电源2故障	0
1526	0	1	CI1 开放	0
1527	0	1	CI2 开放	0
1528	0	1	CI3 开放	0
1529	0	1	CI4 开放	0
1530	0	1	CI5 开放	0
1531	0	1	CI6 开放	0
1532	0	1	APU1隔离	0
1533	0	1	APU2隔离	0
1534	0	1	供电接地故障	0
1535	0	1	供电过流故障	0
1536	0	1	供电直流侧过压	0
1537	0	1	控制回路接地	0
1538	0	1	辅助回路接地	0
