MenuOneScreen	1	11	99	18	114	600	11	18
MenuOneScreen	2	12	100	17	113	603	12	17
MenuOneScreen	3	13	101	16	112	606	13	16
MenuOneScreen	4	14	102	15	111	609	14	15
MenuOneScreen	5	15	103	14	110	612	15	14
MenuOneScreen	6	16	104	13	109	615	16	13
MenuOneScreen	7	17	105	12	108	618	17	12
MenuOneScreen	8	18	106	11	107	621	18	11
MenuOneScreen	9	107	107	106	106	2631	11	18
MenuOneScreen	10	108	108	105	105	2634	12	17
MenuOneScreen	11	109	109	104	104	2637	13	16
MenuOneScreen	12	110	110	103	103	2640	14	15
MenuOneScreen	13	111	111	102	102	2643	15	14
MenuOneScreen	14	112	112	101	101	2646	16	13
MenuOneScreen	15	113	113	100	100	2649	17	12
MenuOneScreen	16	114	114	99	99	2652	18	11
MenuOneScreen	3	21	117	24	128	624	21	24
MenuOneScreen	6	24	120	21	125	627	24	21
MenuOneScreen	11	125	125	120	120	2655	21	24
MenuOneScreen	14	128	128	117	117	2658	24	21
MenuOneScreen	3	29	133	32	144	630	29	32
MenuOneScreen	4	30	134	31	143	633	30	31
MenuOneScreen	6	32	136	29	141	636	32	29
MenuOneScreen	11	141	141	136	136	2661	29	32
MenuOneScreen	13	143	143	134	134	2664	30	31
MenuOneScreen	14	144	144	133	133	2667	32	29
MenuOneScreen	3	37	149	40	160	639	37	40
MenuOneScreen	6	40	152	37	157	642	40	37
MenuOneScreen	11	157	157	152	152	2670	37	40
MenuOneScreen	14	160	160	149	149	2673	40	37
MenuOneScreen	1	43	163	50	178	645	43	50
MenuOneScreen	2	44	164	49	177	648	44	49
MenuOneScreen	5	47	167	46	174	651	47	46
MenuOneScreen	7	49	169	44	172	654	49	44
MenuOneScreen	8	50	170	43	171	657	50	43
MenuOneScreen	9	171	171	170	170	2676	43	50
MenuOneScreen	10	172	172	169	169	2679	44	49
MenuOneScreen	12	174	174	167	167	2682	47	46
MenuOneScreen	15	177	177	164	164	2685	49	44
MenuOneScreen	16	178	178	163	163	2688	50	43
MenuOneScreen	1	51	179	58	194	660	51	58
MenuOneScreen	2	52	180	57	193	663	52	57
MenuOneScreen	5	55	183	54	190	666	55	54
MenuOneScreen	7	57	185	52	188	669	57	52
MenuOneScreen	8	58	186	51	187	672	58	51
MenuOneScreen	9	187	187	186	186	2691	51	58
MenuOneScreen	10	188	188	185	185	2694	52	57
MenuOneScreen	12	190	190	183	183	2697	55	54
MenuOneScreen	15	193	193	180	180	2700	57	52
MenuOneScreen	16	194	194	179	179	2703	58	51
MenuOneScreen	3	61	197	64	208	675	61	64
MenuOneScreen	6	64	200	61	205	678	64	61
MenuOneScreen	11	205	205	200	200	2706	61	64
MenuOneScreen	14	208	208	197	197	2709	64	61
MenuOneScreen	3	69	213	72	224	681	69	72
MenuOneScreen	6	72	216	69	221	684	72	69
MenuOneScreen	11	221	221	216	216	2712	69	72
MenuOneScreen	14	224	224	213	213	2715	72	69
MenuOneScreen	3	77	229	80	240	687	77	80
MenuOneScreen	6	80	232	77	237	690	80	77
MenuOneScreen	11	237	237	232	232	2718	77	80
MenuOneScreen	14	240	240	229	229	2721	80	77
MenuOneScreen	3	85	245	88	256	693	85	88
MenuOneScreen	6	88	248	85	253	696	88	85
MenuOneScreen	11	253	253	248	248	2724	85	88
MenuOneScreen	14	256	256	245	245	2727	88	85
MenuOneScreen	1	91	259	98	274	699	91	98
MenuOneScreen	2	92	260	97	273	702	92	97
MenuOneScreen	3	93	261	96	272	705	93	96
MenuOneScreen	4	94	262	95	271	708	94	95
MenuOneScreen	5	95	263	94	270	711	95	94
MenuOneScreen	6	96	264	93	269	714	96	93
MenuOneScreen	7	97	265	92	268	717	97	92
MenuOneScreen	8	98	266	91	267	720	98	91
MenuOneScreen	9	267	267	266	266	2730	91	98
MenuOneScreen	10	268	268	265	265	2733	92	97
MenuOneScreen	11	269	269	264	264	2736	93	96
MenuOneScreen	12	270	270	263	263	2739	94	95
MenuOneScreen	13	271	271	262	262	2742	95	94
MenuOneScreen	14	272	272	261	261	2745	96	93
MenuOneScreen	15	273	273	260	260	2748	97	92
MenuOneScreen	16	274	274	259	259	2751	98	91
MenuTwoScreen	1	11	99	18	114	723	11	18
MenuTwoScreen	2	12	100	17	113	726	12	17
MenuTwoScreen	3	13	101	16	112	729	13	16
MenuTwoScreen	4	14	102	15	111	732	14	15
MenuTwoScreen	5	15	103	14	110	735	15	14
MenuTwoScreen	6	16	104	13	109	738	16	13
MenuTwoScreen	7	17	105	12	108	741	17	12
MenuTwoScreen	8	18	106	11	107	744	18	11
MenuTwoScreen	9	107	107	106	106	2754	11	18
MenuTwoScreen	10	108	108	105	105	2757	12	17
MenuTwoScreen	11	109	109	104	104	2760	13	16
MenuTwoScreen	12	110	110	103	103	2763	14	15
MenuTwoScreen	13	111	111	102	102	2766	15	14
MenuTwoScreen	14	112	112	101	101	2769	16	13
MenuTwoScreen	15	113	113	100	100	2772	17	12
MenuTwoScreen	16	114	114	99	99	2775	18	11
MenuTwoScreen	1	19	115	26	130	747	19	26
MenuTwoScreen	2	20	116	25	129	750	20	25
MenuTwoScreen	3	21	117	24	128	753	21	24
MenuTwoScreen	4	22	118	23	127	756	22	23
MenuTwoScreen	5	23	119	22	126	759	23	22
MenuTwoScreen	6	24	120	21	125	762	24	21
MenuTwoScreen	7	25	121	20	124	765	25	20
MenuTwoScreen	8	26	122	19	123	768	26	19
MenuTwoScreen	9	123	123	122	122	2778	19	26
MenuTwoScreen	10	124	124	121	121	2781	20	25
MenuTwoScreen	11	125	125	120	120	2784	21	24
MenuTwoScreen	12	126	126	119	119	2787	22	23
MenuTwoScreen	13	127	127	118	118	2790	23	22
MenuTwoScreen	14	128	128	117	117	2793	24	21
MenuTwoScreen	15	129	129	116	116	2796	25	20
MenuTwoScreen	16	130	130	115	115	2799	26	19
MenuTwoScreen	3	29	133	32	143	771	29	32
MenuTwoScreen	6	32	136	29	141	774	32	29
MenuTwoScreen	11	141	141	136	136	2802	29	32
MenuTwoScreen	14	143	143	133	133	2805	32	29
MenuTwoScreen	1	35	147	42	162	777	35	42
MenuTwoScreen	2	36	148	41	161	780	36	41
MenuTwoScreen	5	39	151	38	158	783	39	38
MenuTwoScreen	7	41	153	36	156	786	41	36
MenuTwoScreen	8	42	154	35	155	789	42	35
MenuTwoScreen	9	155	155	154	154	2808	35	42
MenuTwoScreen	10	156	156	153	153	2711	36	41
MenuTwoScreen	12	158	158	151	151	2814	39	38
MenuTwoScreen	15	161	161	148	148	2817	41	36
MenuTwoScreen	16	162	162	147	147	2820	42	35
MenuTwoScreen	1	43	163	50	178	792	43	50
MenuTwoScreen	2	44	164	49	177	795	44	49
MenuTwoScreen	3	45	165	48	176	798	45	48
MenuTwoScreen	4	46	166	47	175	801	46	47
MenuTwoScreen	5	47	167	46	174	804	47	46
MenuTwoScreen	6	48	168	45	173	807	48	45
MenuTwoScreen	7	49	169	44	172	810	49	44
MenuTwoScreen	8	50	170	43	171	813	50	43
MenuTwoScreen	9	171	171	170	170	2823	43	50
MenuTwoScreen	10	172	172	169	169	2826	44	49
MenuTwoScreen	11	173	173	168	168	2829	45	48
MenuTwoScreen	12	174	174	167	167	2832	46	47
MenuTwoScreen	13	175	175	166	166	2835	47	46
MenuTwoScreen	14	176	176	165	165	2838	48	45
MenuTwoScreen	15	177	177	164	164	2841	49	44
MenuTwoScreen	16	178	178	163	163	2844	50	43
MenuTwoScreen	1	51	179	58	194	816	51	58
MenuTwoScreen	2	52	180	57	193	819	52	57
MenuTwoScreen	3	53	181	56	192	822	53	56
MenuTwoScreen	4	54	182	55	191	825	54	55
MenuTwoScreen	5	55	183	54	190	828	55	54
MenuTwoScreen	6	56	184	53	189	831	56	53
MenuTwoScreen	7	57	185	52	188	834	57	52
MenuTwoScreen	8	58	186	51	187	837	58	51
MenuTwoScreen	9	187	187	186	186	2847	51	58
MenuTwoScreen	10	188	188	185	185	2850	52	57
MenuTwoScreen	11	189	189	184	184	2853	53	56
MenuTwoScreen	12	190	190	183	183	2856	54	55
MenuTwoScreen	13	191	191	182	182	2859	55	54
MenuTwoScreen	14	192	192	181	181	2862	56	53
MenuTwoScreen	15	193	193	180	180	2865	57	52
MenuTwoScreen	16	194	194	179	179	2868	58	51
MenuTwoScreen	1	59	195	66	210	840	59	66
MenuTwoScreen	2	60	196	65	209	843	60	65
MenuTwoScreen	3	61	197	64	208	846	61	64
MenuTwoScreen	4	62	198	63	207	849	62	63
MenuTwoScreen	5	63	199	62	206	852	63	62
MenuTwoScreen	6	64	200	61	205	855	64	61
MenuTwoScreen	7	65	201	60	204	858	65	60
MenuTwoScreen	8	66	202	59	203	861	66	59
MenuTwoScreen	9	203	203	202	202	2871	59	66
MenuTwoScreen	10	204	204	201	201	2874	60	65
MenuTwoScreen	11	205	205	200	200	2877	61	64
MenuTwoScreen	12	206	206	199	199	2880	62	63
MenuTwoScreen	13	207	207	198	198	2883	63	62
MenuTwoScreen	14	208	208	197	197	2886	64	61
MenuTwoScreen	15	209	209	196	196	2889	65	60
MenuTwoScreen	16	210	210	195	195	2892	66	59
MenuTwoScreen	1	67	211	74	226	864	67	74
MenuTwoScreen	8	74	218	67	219	867	74	67
MenuTwoScreen	9	219	219	218	218	2895	67	74
MenuTwoScreen	16	226	226	211	211	2898	74	67
MenuTwoScreen	1	75	227	82	242	870	75	82
MenuTwoScreen	2	76	228	81	241	873	76	81
MenuTwoScreen	3	77	229	80	240	876	77	80
MenuTwoScreen	4	78	230	79	239	879	78	79
MenuTwoScreen	5	79	231	78	238	882	79	78
MenuTwoScreen	6	80	232	77	237	885	80	77
MenuTwoScreen	7	81	233	76	236	888	81	76
MenuTwoScreen	8	82	234	75	235	891	82	75
MenuTwoScreen	9	235	235	234	234	2901	75	82
MenuTwoScreen	10	236	236	233	233	2904	76	81
MenuTwoScreen	11	237	237	232	232	2907	77	80
MenuTwoScreen	12	238	238	231	231	2910	78	79
MenuTwoScreen	13	239	239	230	230	2913	79	78
MenuTwoScreen	14	240	240	229	229	2916	80	77
MenuTwoScreen	15	241	241	228	228	2919	81	76
MenuTwoScreen	16	242	242	227	227	2922	82	75
MenuTwoScreen	1	83	243	90	258	894	83	90
MenuTwoScreen	8	90	250	83	251	897	90	83
MenuTwoScreen	9	251	251	250	250	2925	83	90
MenuTwoScreen	16	258	258	243	243	2928	90	83
MenuTwoScreen	1	91	259	98	274	900	91	98
MenuTwoScreen	2	92	260	97	273	903	92	97
MenuTwoScreen	5	95	263	94	270	906	95	94
MenuTwoScreen	7	97	265	92	268	909	97	92
MenuTwoScreen	8	98	266	91	267	912	98	91
MenuTwoScreen	9	267	267	266	266	2931	91	98
MenuTwoScreen	10	268	268	265	265	2934	92	97
MenuTwoScreen	12	270	270	263	263	2937	95	94
MenuTwoScreen	15	273	273	260	260	2940	97	92
MenuTwoScreen	16	274	274	259	259	2943	98	91
MenuThreeScreen	1	11	99	18	114	915	11	18
MenuThreeScreen	2	12	100	17	113	918	12	17
MenuThreeScreen	3	13	101	16	112	921	13	16
MenuThreeScreen	4	14	102	15	111	924	14	15
MenuThreeScreen	5	15	103	14	110	927	15	14
MenuThreeScreen	6	16	104	13	109	930	16	13
MenuThreeScreen	7	17	105	12	108	933	17	12
MenuThreeScreen	8	18	106	11	107	936	18	11
MenuThreeScreen	9	107	107	106	106	2946	11	18
MenuThreeScreen	10	108	108	105	105	2949	12	17
MenuThreeScreen	11	109	109	104	104	2952	13	16
MenuThreeScreen	12	110	110	103	103	2955	14	15
MenuThreeScreen	13	111	111	102	102	2958	15	14
MenuThreeScreen	14	112	112	101	101	2964	16	13
MenuThreeScreen	15	113	113	100	100	2964	17	12
MenuThreeScreen	16	114	114	99	99	2967	18	11
MenuThreeScreen	1	19	115	26	130	939	19	26
MenuThreeScreen	2	20	116	25	129	942	20	25
MenuThreeScreen	3	21	117	24	128	945	21	24
MenuThreeScreen	4	22	118	23	127	948	22	23
MenuThreeScreen	5	23	119	22	126	951	23	22
MenuThreeScreen	6	24	120	21	125	957	24	21
MenuThreeScreen	7	25	121	20	124	957	25	20
MenuThreeScreen	8	26	122	19	123	960	26	19
MenuThreeScreen	9	123	123	122	122	2970	19	26
MenuThreeScreen	10	124	124	121	121	2973	20	25
MenuThreeScreen	11	125	125	120	120	2976	21	24
MenuThreeScreen	12	126	126	119	119	2979	22	23
MenuThreeScreen	13	127	127	118	118	2982	23	22
MenuThreeScreen	14	128	128	117	117	2985	24	21
MenuThreeScreen	15	129	129	116	116	2988	25	20
MenuThreeScreen	16	130	130	115	115	2991	26	19
MenuThreeScreen	1	27	131	34	146	963	27	34
MenuThreeScreen	8	34	138	27	139	966	34	27
MenuThreeScreen	9	139	139	138	138	2994	27	34
MenuThreeScreen	16	146	146	131	131	2997	34	27
MenuThreeScreen	1	35	147	42	162	969	35	42
MenuThreeScreen	8	42	154	35	155	972	42	35
MenuThreeScreen	9	155	155	154	154	3000	35	42
MenuThreeScreen	16	162	162	147	147	3003	42	35
MenuThreeScreen	1	43	163	50	178	975	43	50
MenuThreeScreen	8	50	170	43	171	978	50	43
MenuThreeScreen	9	171	171	170	170	3006	43	50
MenuThreeScreen	16	178	178	163	163	3009	50	43
MenuThreeScreen	1	51	179	58	194	981	51	58
MenuThreeScreen	2	52	180	57	193	984	52	57
MenuThreeScreen	3	53	181	56	192	987	53	56
MenuThreeScreen	4	54	182	55	191	990	54	55
MenuThreeScreen	5	55	183	54	190	993	55	54
MenuThreeScreen	6	56	184	53	189	996	56	53
MenuThreeScreen	7	57	185	52	188	999	57	52
MenuThreeScreen	8	58	186	51	187	1002	58	51
MenuThreeScreen	9	187	187	186	186	3012	51	58
MenuThreeScreen	10	188	188	185	185	3015	52	57
MenuThreeScreen	11	189	189	184	184	3018	53	56
MenuThreeScreen	12	190	190	183	183	3021	54	55
MenuThreeScreen	13	191	191	182	182	3024	55	54
MenuThreeScreen	14	192	192	181	181	3027	56	53
MenuThreeScreen	15	193	193	180	180	3030	57	52
MenuThreeScreen	16	194	194	179	179	3033	58	51
MenuThreeScreen	1	59	195	66	210	1005	59	66
MenuThreeScreen	2	60	196	65	209	1008	60	65
MenuThreeScreen	3	61	197	64	208	1011	61	64
MenuThreeScreen	4	62	198	63	207	1014	62	63
MenuThreeScreen	5	63	199	62	206	1017	63	62
MenuThreeScreen	6	64	200	61	205	1020	64	61
MenuThreeScreen	7	65	201	60	204	1023	65	60
MenuThreeScreen	8	66	202	59	203	1026	66	59
MenuThreeScreen	9	203	203	202	202	3036	59	66
MenuThreeScreen	10	204	204	201	201	3039	60	65
MenuThreeScreen	11	205	205	200	200	3042	61	64
MenuThreeScreen	12	206	206	199	199	3045	62	63
MenuThreeScreen	13	207	207	198	198	3048	63	62
MenuThreeScreen	14	208	208	197	197	3051	64	61
MenuThreeScreen	15	209	209	196	196	3054	65	60
MenuThreeScreen	16	210	210	195	195	3057	66	59
MenuThreeScreen	1	67	211	74	226	1029	67	74
MenuThreeScreen	2	68	212	73	225	1032	68	73
MenuThreeScreen	3	69	213	72	224	1035	69	72
MenuThreeScreen	4	70	214	71	223	1038	70	71
MenuThreeScreen	5	71	215	70	222	1041	71	70
MenuThreeScreen	6	72	216	69	221	1044	72	69
MenuThreeScreen	7	73	217	68	220	1047	73	68
MenuThreeScreen	8	74	218	67	219	1050	74	67
MenuThreeScreen	9	219	219	218	218	3060	67	74
MenuThreeScreen	10	220	220	217	217	3063	68	73
MenuThreeScreen	11	221	221	216	216	3066	69	72
MenuThreeScreen	12	222	222	215	215	3069	70	71
MenuThreeScreen	13	223	223	214	214	3072	71	70
MenuThreeScreen	14	224	224	213	213	3075	72	69
MenuThreeScreen	15	225	225	212	212	3078	73	68
MenuThreeScreen	16	226	226	211	211	3081	74	67
MenuThreeScreen	1	75	227	82	242	1053	75	82
MenuThreeScreen	2	76	228	81	241	1056	76	81
MenuThreeScreen	3	77	229	80	240	1059	77	80
MenuThreeScreen	4	78	230	79	239	1062	78	79
MenuThreeScreen	5	79	231	78	238	1065	79	78
MenuThreeScreen	6	80	232	77	237	1068	80	77
MenuThreeScreen	7	81	233	76	236	1071	81	76
MenuThreeScreen	8	82	234	75	235	1074	82	75
MenuThreeScreen	9	235	235	234	234	3084	75	82
MenuThreeScreen	10	236	236	233	233	3087	76	81
MenuThreeScreen	11	237	237	232	232	3090	77	80
MenuThreeScreen	12	238	238	231	231	3093	78	79
MenuThreeScreen	13	239	239	230	230	3096	79	78
MenuThreeScreen	14	240	240	229	229	3099	80	77
MenuThreeScreen	15	241	241	228	228	3102	81	76
MenuThreeScreen	16	242	242	227	227	3105	82	75
MenuThreeScreen	1	83	243	90	258	1077	83	90
MenuThreeScreen	2	84	244	89	257	1080	84	89
MenuThreeScreen	3	85	245	88	256	1083	85	88
MenuThreeScreen	4	86	246	87	255	1086	86	87
MenuThreeScreen	5	87	247	86	254	1089	87	86
MenuThreeScreen	6	88	248	85	253	1092	88	85
MenuThreeScreen	7	89	249	84	252	1095	89	84
MenuThreeScreen	8	90	250	83	251	1098	90	83
MenuThreeScreen	9	251	251	250	250	3108	83	90
MenuThreeScreen	10	252	252	249	249	3111	84	89
MenuThreeScreen	11	253	253	248	248	3114	85	88
MenuThreeScreen	12	254	254	247	247	3117	86	87
MenuThreeScreen	13	255	255	246	246	3120	87	86
MenuThreeScreen	14	256	256	245	245	3123	88	85
MenuThreeScreen	15	257	257	244	244	3126	89	84
MenuThreeScreen	16	258	258	243	243	3129	90	83
MenuThreeScreen	1	91	259	98	274	1101	91	98
MenuThreeScreen	2	92	260	97	273	1104	92	97
MenuThreeScreen	3	93	261	96	272	1107	93	96
MenuThreeScreen	5	95	263	94	270	1110	95	94
MenuThreeScreen	6	96	264	93	269	1113	96	93
MenuThreeScreen	7	97	265	92	268	1116	97	92
MenuThreeScreen	8	98	266	91	267	1119	98	91
MenuThreeScreen	9	267	267	266	266	3132	91	98
MenuThreeScreen	10	268	268	265	265	3135	92	97
MenuThreeScreen	11	269	269	264	264	3138	93	96
MenuThreeScreen	12	270	270	263	263	3141	95	94
MenuThreeScreen	14	272	272	261	261	3144	96	93
MenuThreeScreen	15	273	273	260	260	3147	97	92
MenuThreeScreen	16	274	274	259	259	3150	98	91
MenuFourScreen	1	11	99	18	114	1122	11	18
MenuFourScreen	2	12	100	17	113	1125	12	17
MenuFourScreen	3	13	101	16	112	1128	13	16
MenuFourScreen	4	14	102	15	111	1131	14	15
MenuFourScreen	5	15	103	14	110	1134	15	14
MenuFourScreen	6	16	104	13	109	1137	16	13
MenuFourScreen	7	17	105	12	108	1140	17	12
MenuFourScreen	8	18	106	11	107	1143	18	11
MenuFourScreen	9	107	107	106	106	3153	11	18
MenuFourScreen	10	108	108	105	105	3156	12	17
MenuFourScreen	11	109	109	104	104	3159	13	16
MenuFourScreen	12	110	110	103	103	3162	14	15
MenuFourScreen	13	111	111	102	102	3165	15	14
MenuFourScreen	14	112	112	101	101	3168	16	13
MenuFourScreen	15	113	113	100	100	3171	17	12
MenuFourScreen	16	114	114	99	99	3174	18	11
MenuFourScreen	1	19	115	26	130	1146	19	26
MenuFourScreen	2	20	116	25	129	1149	20	25
MenuFourScreen	3	21	117	24	128	1152	21	24
MenuFourScreen	4	22	118	23	127	1155	22	23
MenuFourScreen	5	23	119	22	126	1158	23	22
MenuFourScreen	6	24	120	21	125	1161	24	21
MenuFourScreen	7	25	121	20	124	1164	25	20
MenuFourScreen	8	26	122	19	123	1167	26	19
MenuFourScreen	9	123	123	122	122	3177	19	26
MenuFourScreen	10	124	124	121	121	3180	20	25
MenuFourScreen	11	125	125	120	120	3183	21	24
MenuFourScreen	12	126	126	119	119	3186	22	23
MenuFourScreen	13	127	127	118	118	3189	23	22
MenuFourScreen	14	128	128	117	117	3192	24	21
MenuFourScreen	15	129	129	116	116	3195	25	20
MenuFourScreen	16	130	130	115	115	3198	26	19
MenuFourScreen	3	29	133	32	144	1170	29	32
MenuFourScreen	14	144	144	133	133	3201	29	32
MenuFourScreen	1	35	147	42	162	1173	35	42
MenuFourScreen	2	36	148	41	161	1176	36	41
MenuFourScreen	3	37	149	40	160	1179	37	40
MenuFourScreen	4	38	150	39	159	1182	38	39
MenuFourScreen	5	39	151	38	158	1185	39	38
MenuFourScreen	6	40	152	37	157	1188	40	37
MenuFourScreen	7	41	153	36	156	1191	41	36
MenuFourScreen	8	42	154	35	155	1194	42	35
MenuFourScreen	9	155	155	154	154	3204	35	42
MenuFourScreen	10	156	156	153	153	3207	36	41
MenuFourScreen	11	157	157	152	152	3210	37	40
MenuFourScreen	12	158	158	151	151	3213	38	39
MenuFourScreen	13	159	159	150	150	3216	39	38
MenuFourScreen	14	160	160	149	149	3219	40	37
MenuFourScreen	15	161	161	148	148	3222	41	36
MenuFourScreen	16	162	162	147	147	3225	42	35
MenuFourScreen	1	43	163	50	178	1197	43	50
MenuFourScreen	2	44	164	49	177	1200	44	49
MenuFourScreen	3	45	165	48	176	1203	45	48
MenuFourScreen	4	46	166	47	175	1206	46	47
MenuFourScreen	5	47	167	46	174	1209	47	46
MenuFourScreen	6	48	168	45	173	1212	48	45
MenuFourScreen	7	49	169	44	172	1215	49	44
MenuFourScreen	8	50	170	43	171	1218	50	43
MenuFourScreen	9	171	171	170	170	3228	43	50
MenuFourScreen	10	172	172	169	169	3231	44	49
MenuFourScreen	11	173	173	168	168	3234	45	48
MenuFourScreen	12	174	174	167	167	3237	46	47
MenuFourScreen	13	175	175	166	166	3240	47	46
MenuFourScreen	14	176	176	165	165	3243	48	45
MenuFourScreen	15	177	177	164	164	3246	49	44
MenuFourScreen	16	178	178	163	163	3249	50	43
MenuFourScreen	1	51	179	58	194	1221	51	58
MenuFourScreen	2	52	180	57	193	1224	52	57
MenuFourScreen	3	53	181	56	192	1227	53	56
MenuFourScreen	4	54	182	55	191	1230	54	55
MenuFourScreen	5	55	183	54	190	1233	55	54
MenuFourScreen	6	56	184	53	189	1236	56	53
MenuFourScreen	7	57	185	52	188	1239	57	52
MenuFourScreen	8	58	186	51	187	1242	58	51
MenuFourScreen	9	187	187	186	186	3252	51	58
MenuFourScreen	10	188	188	185	185	3255	52	57
MenuFourScreen	11	189	189	184	184	3258	53	56
MenuFourScreen	12	190	190	183	183	3261	54	55
MenuFourScreen	13	191	191	182	182	3264	55	54
MenuFourScreen	14	192	192	181	181	3267	56	53
MenuFourScreen	15	193	193	180	180	3270	57	52
MenuFourScreen	16	194	194	179	179	3273	58	51
MenuFourScreen	1	59	195	66	210	1245	59	66
MenuFourScreen	2	60	196	65	209	1248	60	65
MenuFourScreen	3	61	197	64	208	1251	61	64
MenuFourScreen	4	62	198	63	207	1254	62	63
MenuFourScreen	5	63	199	62	206	1257	63	62
MenuFourScreen	6	64	200	61	205	1260	64	61
MenuFourScreen	7	65	201	60	204	1263	65	60
MenuFourScreen	8	66	202	59	203	1266	66	59
MenuFourScreen	9	203	203	202	202	3276	59	66
MenuFourScreen	10	204	204	201	201	3279	60	65
MenuFourScreen	11	205	205	200	200	3282	61	64
MenuFourScreen	12	206	206	199	199	3285	62	63
MenuFourScreen	13	207	207	198	198	3288	63	62
MenuFourScreen	14	208	208	197	197	3291	64	61
MenuFourScreen	15	209	209	196	196	3294	65	60
MenuFourScreen	16	210	210	195	195	3297	66	59
MenuFourScreen	1	67	211	74	226	1269	67	74
MenuFourScreen	2	68	212	73	225	1272	68	73
MenuFourScreen	3	69	213	72	224	1275	69	72
MenuFourScreen	4	70	214	71	223	1278	70	71
MenuFourScreen	5	71	215	70	222	1281	71	70
MenuFourScreen	6	72	216	69	221	1284	72	69
MenuFourScreen	7	73	217	68	220	1287	73	68
MenuFourScreen	8	74	218	67	219	1290	74	67
MenuFourScreen	9	219	219	218	218	3300	67	74
MenuFourScreen	10	220	220	217	217	3303	68	73
MenuFourScreen	11	221	221	216	216	3306	69	72
MenuFourScreen	12	222	222	215	215	3309	70	71
MenuFourScreen	13	223	223	214	214	3312	71	70
MenuFourScreen	14	224	224	213	213	3315	72	69
MenuFourScreen	15	225	225	212	212	3318	73	68
MenuFourScreen	16	226	226	211	211	3321	74	67
MenuFourScreen	1	75	227	82	242	1293	75	82
MenuFourScreen	2	76	228	81	241	1296	76	81
MenuFourScreen	3	77	229	80	240	1299	77	80
MenuFourScreen	4	78	230	79	239	1302	78	79
MenuFourScreen	5	79	231	78	238	1305	79	78
MenuFourScreen	6	80	232	77	237	1308	80	77
MenuFourScreen	7	81	233	76	236	1311	81	76
MenuFourScreen	8	82	234	75	235	1314	82	75
MenuFourScreen	9	235	235	234	234	3324	75	82
MenuFourScreen	10	236	236	233	233	3327	76	81
MenuFourScreen	11	237	237	232	232	3330	77	80
MenuFourScreen	12	238	238	231	231	3333	78	79
MenuFourScreen	13	239	239	230	230	3336	79	78
MenuFourScreen	14	240	240	229	229	3339	80	77
MenuFourScreen	15	241	241	228	228	3342	81	76
MenuFourScreen	16	242	242	227	227	3345	82	75
MenuFourScreen	1	83	243	90	258	1317	83	90
MenuFourScreen	2	84	244	89	257	1320	84	89
MenuFourScreen	3	85	245	88	256	1323	85	88
MenuFourScreen	4	86	246	87	255	1326	86	87
MenuFourScreen	5	87	247	86	254	1329	87	86
MenuFourScreen	6	88	248	85	253	1332	88	85
MenuFourScreen	7	89	249	84	252	1335	89	84
MenuFourScreen	8	90	250	83	251	1338	90	83
MenuFourScreen	9	251	251	250	250	3348	83	90
MenuFourScreen	10	252	252	249	249	3351	84	89
MenuFourScreen	11	253	253	248	248	3354	85	88
MenuFourScreen	12	254	254	247	247	3357	86	87
MenuFourScreen	13	255	255	246	246	3360	87	86
MenuFourScreen	14	256	256	245	245	3363	88	85
MenuFourScreen	15	257	257	244	244	3366	89	84
MenuFourScreen	16	258	258	243	243	3369	90	83
MenuFourScreen	1	91	259	98	274	1341	91	98
MenuFourScreen	2	92	260	97	273	1344	92	97
MenuFourScreen	3	93	261	96	272	1347	93	96
MenuFourScreen	4	94	262	95	271	1350	94	95
MenuFourScreen	5	95	263	94	270	1353	95	94
MenuFourScreen	6	96	264	93	269	1356	96	93
MenuFourScreen	7	97	265	92	268	1359	97	92
MenuFourScreen	8	98	266	91	267	1362	98	91
MenuFourScreen	9	267	267	266	266	3372	91	98
MenuFourScreen	10	268	268	265	265	3375	92	97
MenuFourScreen	11	269	269	264	264	3378	93	96
MenuFourScreen	12	270	270	263	263	3381	94	95
MenuFourScreen	13	271	271	262	262	3384	95	94
MenuFourScreen	14	272	272	261	261	3387	96	93
MenuFourScreen	15	273	273	260	260	3390	97	92
MenuFourScreen	16	274	274	259	259	3393	98	91
MenuFiveScreen	1	11	99	18	114	1365	11	18
MenuFiveScreen	2	12	100	17	113	1368	12	17
MenuFiveScreen	3	13	101	16	112	1371	13	16
MenuFiveScreen	4	14	102	15	111	1374	14	15
MenuFiveScreen	5	15	103	14	110	1377	15	14
MenuFiveScreen	6	16	104	13	109	1380	16	13
MenuFiveScreen	7	17	105	12	108	1383	17	12
MenuFiveScreen	8	18	106	11	107	1386	18	11
MenuFiveScreen	9	107	107	106	106	3396	11	18
MenuFiveScreen	10	108	108	105	105	3399	12	17
MenuFiveScreen	11	109	109	104	104	3402	13	16
MenuFiveScreen	12	110	110	103	103	3405	14	15
MenuFiveScreen	13	111	111	102	102	3408	15	14
MenuFiveScreen	14	112	112	101	101	3411	16	13
MenuFiveScreen	15	113	113	100	100	3414	17	12
MenuFiveScreen	16	114	114	99	99	3417	18	11
MenuFiveScreen	1	19	115	26	130	1389	19	26
MenuFiveScreen	2	20	116	25	129	1392	20	25
MenuFiveScreen	3	21	117	24	128	1395	21	24
MenuFiveScreen	4	22	118	23	127	1398	22	23
MenuFiveScreen	5	23	119	22	126	1401	23	22
MenuFiveScreen	6	24	120	21	125	1404	24	21
MenuFiveScreen	7	25	121	20	124	1407	25	20
MenuFiveScreen	8	26	122	19	123	1410	26	19
MenuFiveScreen	9	123	123	122	122	3420	19	26
MenuFiveScreen	10	124	124	121	121	3423	20	25
MenuFiveScreen	11	125	125	120	120	3426	21	24
MenuFiveScreen	12	126	126	119	119	3429	22	23
MenuFiveScreen	13	127	127	118	118	3432	23	22
MenuFiveScreen	14	128	128	117	117	3435	24	21
MenuFiveScreen	15	129	129	116	116	3438	25	20
MenuFiveScreen	16	130	130	115	115	3441	26	19
MenuFiveScreen	1	27	131	34	146	1413	27	34
MenuFiveScreen	2	28	132	33	145	1416	28	33
MenuFiveScreen	3	29	133	32	144	1419	29	32
MenuFiveScreen	4	30	134	31	143	1422	30	31
MenuFiveScreen	5	31	135	30	142	1425	31	30
MenuFiveScreen	6	32	136	29	141	1428	32	29
MenuFiveScreen	7	33	137	28	140	1431	33	28
MenuFiveScreen	8	34	138	27	139	1434	34	27
MenuFiveScreen	9	139	139	138	138	3444	27	34
MenuFiveScreen	10	140	140	137	137	3447	28	33
MenuFiveScreen	11	141	141	136	136	3450	29	32
MenuFiveScreen	12	142	142	135	135	3453	30	31
MenuFiveScreen	13	143	143	134	134	3456	31	30
MenuFiveScreen	14	144	144	133	133	3459	32	29
MenuFiveScreen	15	145	145	132	132	3462	33	28
MenuFiveScreen	16	146	146	131	131	3465	34	27
MenuFiveScreen	2	36	148	41	161	1437	36	41
MenuFiveScreen	3	37	149	40	160	1440	37	40
MenuFiveScreen	4	38	150	39	159	1443	38	39
MenuFiveScreen	5	39	151	38	158	1446	39	38
MenuFiveScreen	6	40	152	37	157	1449	40	37
MenuFiveScreen	7	41	153	36	156	1452	41	36
MenuFiveScreen	10	156	156	153	153	3468	36	41
MenuFiveScreen	11	157	157	152	152	3471	37	40
MenuFiveScreen	12	158	158	151	151	3474	38	39
MenuFiveScreen	13	159	159	150	150	3477	39	38
MenuFiveScreen	14	160	160	149	149	3480	40	37
MenuFiveScreen	15	161	161	148	148	3483	41	36
MenuFiveScreen	1	43	163	50	178	1455	43	50
MenuFiveScreen	2	44	164	49	177	1458	44	49
MenuFiveScreen	3	45	165	48	176	1461	45	48
MenuFiveScreen	4	46	166	47	175	1464	46	47
MenuFiveScreen	5	47	167	46	174	1467	47	46
MenuFiveScreen	6	48	168	45	173	1470	48	45
MenuFiveScreen	7	49	169	44	172	1473	49	44
MenuFiveScreen	8	50	170	43	171	1476	50	43
MenuFiveScreen	9	171	171	170	170	3486	43	50
MenuFiveScreen	10	172	172	169	169	3489	44	49
MenuFiveScreen	11	173	173	168	168	3492	45	48
MenuFiveScreen	12	174	174	167	167	3495	46	47
MenuFiveScreen	13	175	175	166	166	3498	47	46
MenuFiveScreen	14	176	176	165	165	3501	48	45
MenuFiveScreen	15	177	177	164	164	3504	49	44
MenuFiveScreen	16	178	178	163	163	3507	50	43
MenuFiveScreen	2	52	180	57	193	1479	52	57
MenuFiveScreen	3	53	181	56	192	1482	53	56
MenuFiveScreen	4	54	182	55	191	1485	54	55
MenuFiveScreen	5	55	183	54	190	1488	55	54
MenuFiveScreen	6	56	184	53	189	1491	56	53
MenuFiveScreen	7	57	185	52	188	1494	57	52
MenuFiveScreen	10	188	188	185	185	3510	52	57
MenuFiveScreen	11	189	189	184	184	3513	53	56
MenuFiveScreen	12	190	190	183	183	3516	54	55
MenuFiveScreen	13	191	191	182	182	3519	55	54
MenuFiveScreen	14	192	192	181	181	3522	56	53
MenuFiveScreen	15	193	193	180	180	3525	57	52
MenuFiveScreen	1	59	195	66	210	1497	59	66
MenuFiveScreen	2	60	196	65	209	1500	60	65
MenuFiveScreen	3	61	197	64	208	1503	61	64
MenuFiveScreen	4	62	198	63	207	1506	62	63
MenuFiveScreen	5	63	199	62	206	1509	63	62
MenuFiveScreen	6	64	200	61	205	1512	64	61
MenuFiveScreen	7	65	201	60	204	1515	65	60
MenuFiveScreen	8	66	202	59	203	1518	66	59
MenuFiveScreen	9	203	203	202	202	3528	59	66
MenuFiveScreen	10	204	204	201	201	3531	60	65
MenuFiveScreen	11	205	205	200	200	3534	61	64
MenuFiveScreen	12	206	206	199	199	3537	62	63
MenuFiveScreen	13	207	207	198	198	3540	63	62
MenuFiveScreen	14	208	208	197	197	3543	64	61
MenuFiveScreen	15	209	209	196	196	3546	65	60
MenuFiveScreen	16	210	210	195	195	3549	66	59
MenuFiveScreen	1	67	211	74	226	1521	67	74
MenuFiveScreen	2	68	212	73	225	1524	68	73
MenuFiveScreen	3	69	213	72	224	1527	69	72
MenuFiveScreen	4	70	214	71	223	1530	70	71
MenuFiveScreen	5	71	215	70	222	1533	71	70
MenuFiveScreen	6	72	216	69	221	1536	72	69
MenuFiveScreen	7	73	217	68	220	1539	73	68
MenuFiveScreen	8	74	218	67	219	1542	74	67
MenuFiveScreen	9	219	219	218	218	3552	67	74
MenuFiveScreen	10	220	220	217	217	3555	68	73
MenuFiveScreen	11	221	221	216	216	3558	69	72
MenuFiveScreen	12	222	222	215	215	3561	70	71
MenuFiveScreen	13	223	223	214	214	3564	71	70
MenuFiveScreen	14	224	224	213	213	3567	72	69
MenuFiveScreen	15	225	225	212	212	3570	73	68
MenuFiveScreen	16	226	226	211	211	3573	74	67
MenuFiveScreen	1	75	227	82	242	1545	75	82
MenuFiveScreen	2	76	228	81	241	1548	76	81
MenuFiveScreen	4	78	230	79	239	1551	78	79
MenuFiveScreen	5	79	231	78	238	1554	79	78
MenuFiveScreen	6	80	232	77	237	1557	80	77
MenuFiveScreen	7	81	233	76	236	1560	81	76
MenuFiveScreen	8	82	234	75	235	1563	82	75
MenuFiveScreen	9	235	235	234	234	3576	75	82
MenuFiveScreen	10	236	236	233	233	3579	76	81
MenuFiveScreen	11	237	237	232	232	3582	78	79
MenuFiveScreen	12	238	238	231	231	3585	79	78
MenuFiveScreen	13	239	239	230	230	3588	80	77
MenuFiveScreen	15	241	241	228	228	3591	81	76
MenuFiveScreen	16	242	242	227	227	3594	82	75
MenuFiveScreen	1	83	243	90	258	1566	83	90
MenuFiveScreen	2	84	244	89	257	1569	84	89
MenuFiveScreen	3	85	245	88	256	1572	85	88
MenuFiveScreen	4	86	246	87	255	1575	86	87
MenuFiveScreen	5	87	247	86	254	1578	87	86
MenuFiveScreen	6	88	248	85	253	1581	88	85
MenuFiveScreen	7	89	249	84	252	1584	89	84
MenuFiveScreen	8	90	250	83	251	1587	90	83
MenuFiveScreen	9	251	251	250	250	3597	83	90
MenuFiveScreen	10	252	252	249	249	3600	84	89
MenuFiveScreen	11	253	253	248	248	3603	85	88
MenuFiveScreen	12	254	254	247	247	3606	86	87
MenuFiveScreen	13	255	255	246	246	3609	87	86
MenuFiveScreen	14	256	256	245	245	3612	88	85
MenuFiveScreen	15	257	257	244	244	3615	89	84
MenuFiveScreen	16	258	258	243	243	3618	90	83
MenuFiveScreen	1	91	259	98	274	1590	91	98
MenuFiveScreen	2	92	260	97	273	1593	92	97
MenuFiveScreen	4	94	262	95	271	1596	94	95
MenuFiveScreen	5	95	263	94	270	1599	95	94
MenuFiveScreen	6	96	264	93	269	1602	96	93
MenuFiveScreen	7	97	265	92	268	1605	97	92
MenuFiveScreen	8	98	266	91	267	1608	98	91
MenuFiveScreen	9	267	267	266	266	3621	91	98
MenuFiveScreen	10	268	268	265	265	3624	92	97
MenuFiveScreen	11	269	269	264	264	3627	94	95
MenuFiveScreen	12	270	270	263	263	3630	95	94
MenuFiveScreen	13	271	271	262	262	3633	96	93
MenuFiveScreen	15	273	273	260	260	3636	97	92
MenuFiveScreen	16	274	274	259	259	3639	98	91
MenuSixScreen	1	11	99	18	114	1611	11	18
MenuSixScreen	8	18	106	11	107	1614	18	11
MenuSixScreen	9	107	107	106	106	3642	11	18
MenuSixScreen	16	114	114	99	99	3645	18	11
MenuSixScreen	1	19	115	26	130	1617	19	26
MenuSixScreen	8	26	122	19	123	1620	26	19
MenuSixScreen	9	123	123	122	122	3648	19	26
MenuSixScreen	16	130	130	115	115	3651	26	19
MenuSixScreen	1	27	131	34	146	1623	27	34
MenuSixScreen	2	28	132	33	145	1626	28	33
MenuSixScreen	3	29	133	32	144	1629	29	32
MenuSixScreen	6	32	136	29	141	1632	32	29
MenuSixScreen	7	33	137	28	140	1635	33	28
MenuSixScreen	8	34	138	27	139	1638	34	27
MenuSixScreen	9	139	139	138	138	3654	27	34
MenuSixScreen	10	140	140	137	137	3657	28	33
MenuSixScreen	11	141	141	136	136	3660	29	32
MenuSixScreen	14	144	144	133	133	3663	32	29
MenuSixScreen	15	145	145	132	132	3666	33	28
MenuSixScreen	16	146	146	131	131	3669	34	27
MenuSixScreen	1	35	147	42	162	1641	35	42
MenuSixScreen	2	36	148	41	161	1644	36	41
MenuSixScreen	3	37	149	40	160	1647	37	40
MenuSixScreen	6	40	152	37	157	1650	40	37
MenuSixScreen	7	41	153	36	156	1653	41	36
MenuSixScreen	8	42	154	35	155	1656	42	35
MenuSixScreen	9	155	155	154	154	3672	35	42
MenuSixScreen	10	156	156	153	153	3675	36	41
MenuSixScreen	11	157	157	152	152	3678	37	40
MenuSixScreen	14	160	160	149	149	3681	40	37
MenuSixScreen	15	161	161	148	148	3684	41	36
MenuSixScreen	16	162	162	147	147	3687	42	35
MenuSixScreen	1	43	163	50	178	1659	43	50
MenuSixScreen	2	44	164	49	177	1662	44	49
MenuSixScreen	7	49	169	44	172	1665	49	44
MenuSixScreen	8	50	170	43	171	1668	50	43
MenuSixScreen	9	171	171	170	170	3690	43	50
MenuSixScreen	10	172	172	169	169	3693	44	49
MenuSixScreen	15	177	177	164	164	3696	49	44
MenuSixScreen	16	178	178	163	163	3699	50	43
MenuSixScreen	1	51	179	58	194	1671	51	58
MenuSixScreen	2	52	180	57	193	1674	52	57
MenuSixScreen	7	57	185	52	188	1677	57	52
MenuSixScreen	8	58	186	51	187	1680	58	51
MenuSixScreen	9	187	187	186	186	3702	51	58
MenuSixScreen	10	188	188	185	185	3705	52	57
MenuSixScreen	15	193	193	180	180	3708	57	52
MenuSixScreen	16	194	194	179	179	3711	58	51
MenuSixScreen	1	59	195	66	210	1683	59	66
MenuSixScreen	8	66	202	59	203	1686	66	59
MenuSixScreen	9	203	203	202	202	3714	59	66
MenuSixScreen	16	210	210	195	195	3717	66	59
MenuSixScreen	1	67	211	74	226	1689	67	74
MenuSixScreen	8	74	218	67	219	1692	74	67
MenuSixScreen	9	219	219	218	218	3720	67	74
MenuSixScreen	16	226	226	211	211	3723	74	67
MenuSixScreen	1	75	227	82	242	1695	75	82
MenuSixScreen	2	76	228	81	241	1698	76	81
MenuSixScreen	3	77	229	80	240	1701	77	80
MenuSixScreen	4	78	230	79	239	1704	78	79
MenuSixScreen	5	79	231	78	238	1707	79	78
MenuSixScreen	6	80	232	77	237	1710	80	77
MenuSixScreen	7	81	233	76	236	1713	81	76
MenuSixScreen	8	82	234	75	235	1716	82	75
MenuSixScreen	9	235	235	234	234	3726	75	82
MenuSixScreen	10	236	236	233	233	3729	76	81
MenuSixScreen	11	237	237	232	232	3732	77	80
MenuSixScreen	12	238	238	231	231	3735	78	79
MenuSixScreen	13	239	239	230	230	3738	79	78
MenuSixScreen	14	240	240	229	229	3741	80	77
MenuSixScreen	15	241	241	228	228	3744	81	76
MenuSixScreen	16	242	242	227	227	3747	82	75
MenuSixScreen	1	83	243	90	258	1719	83	90
MenuSixScreen	2	84	244	89	257	1722	84	89
MenuSixScreen	3	85	245	88	256	1725	85	88
MenuSixScreen	4	86	246	87	255	1728	86	87
MenuSixScreen	5	87	247	86	254	1731	87	86
MenuSixScreen	6	88	248	85	253	1734	88	85
MenuSixScreen	7	89	249	84	252	1737	89	84
MenuSixScreen	8	90	250	83	251	1740	90	83
MenuSixScreen	9	251	251	250	250	3750	83	90
MenuSixScreen	10	252	252	249	249	3753	84	89
MenuSixScreen	11	253	253	248	248	3756	85	88
MenuSixScreen	12	254	254	247	247	3759	86	87
MenuSixScreen	13	255	255	246	246	3762	87	86
MenuSixScreen	14	256	256	245	245	3765	88	85
MenuSixScreen	15	257	257	244	244	3768	89	84
MenuSixScreen	16	258	258	243	243	3771	90	83
MenuSixScreen	1	91	259	98	274	1743	91	98
MenuSixScreen	8	98	266	91	267	1746	98	91
MenuSixScreen	9	267	267	266	266	3774	91	98
MenuSixScreen	16	274	274	259	259	3777	98	91
MenuSevenScreen	3	13	101	16	112	1749	13	16
MenuSevenScreen	4	14	102	15	111	1752	14	15
MenuSevenScreen	5	15	103	14	110	1755	15	14
MenuSevenScreen	6	16	104	13	109	1758	16	13
MenuSevenScreen	11	109	109	104	104	3780	13	16
MenuSevenScreen	12	110	110	103	103	3783	14	15
MenuSevenScreen	13	111	111	102	102	3786	15	14
MenuSevenScreen	14	112	112	101	101	3789	16	13
MenuSevenScreen	3	21	117	24	128	1761	21	24
MenuSevenScreen	4	22	118	23	127	1764	22	23
MenuSevenScreen	5	23	119	22	126	1767	23	22
MenuSevenScreen	6	24	120	21	125	1770	24	21
MenuSevenScreen	11	125	125	120	120	3792	21	24
MenuSevenScreen	12	126	126	119	119	3795	22	23
MenuSevenScreen	13	127	127	118	118	3798	23	22
MenuSevenScreen	14	128	128	117	117	3801	24	21
MenuSevenScreen	3	29	133	32	144	1773	29	32
MenuSevenScreen	4	30	134	31	143	1776	30	31
MenuSevenScreen	5	31	135	30	142	1779	31	30
MenuSevenScreen	6	32	136	29	141	1782	32	29
MenuSevenScreen	11	141	141	136	136	3804	29	32
MenuSevenScreen	12	142	142	135	135	3807	30	31
MenuSevenScreen	13	143	143	134	134	3810	31	30
MenuSevenScreen	14	144	144	133	133	3813	32	29
MenuSevenScreen	4	38	150	39	159	1785	38	39
MenuSevenScreen	13	159	159	150	150	3816	38	39
MenuSevenScreen	4	46	166	47	175	1788	46	47
MenuSevenScreen	13	175	175	166	166	3819	46	47
MenuSevenScreen	4	54	182	55	191	1791	54	55
MenuSevenScreen	13	191	191	182	182	3822	54	55
MenuSevenScreen	4	62	198	63	207	1794	62	63
MenuSevenScreen	13	207	207	198	198	3825	62	63
MenuSevenScreen	3	69	213	72	224	1797	69	72
MenuSevenScreen	6	72	216	69	221	1800	72	69
MenuSevenScreen	11	221	221	216	216	3828	69	72
MenuSevenScreen	14	224	224	213	213	3831	72	69
MenuSevenScreen	1	75	227	82	242	1803	75	82
MenuSevenScreen	2	75	228	81	241	1806	75	81
MenuSevenScreen	5	79	231	78	238	1809	79	78
MenuSevenScreen	7	81	233	76	236	1812	81	76
MenuSevenScreen	8	82	234	75	235	1815	82	75
MenuSevenScreen	9	235	235	234	234	3834	75	82
MenuSevenScreen	10	236	236	233	233	3837	75	81
MenuSevenScreen	12	238	238	231	231	3840	79	78
MenuSevenScreen	15	241	241	228	228	3843	81	76
MenuSevenScreen	16	242	242	227	227	3846	82	75
MenuSevenScreen	1	83	243	90	258	1818	83	90
MenuSevenScreen	2	84	244	89	257	1821	84	89
MenuSevenScreen	5	87	247	86	254	1824	87	86
MenuSevenScreen	7	89	249	84	252	1827	89	84
MenuSevenScreen	8	90	250	83	251	1830	90	83
MenuSevenScreen	9	251	251	250	250	3849	83	90
MenuSevenScreen	10	252	252	249	249	3852	84	89
MenuSevenScreen	12	254	254	247	247	3855	87	86
MenuSevenScreen	15	257	257	244	244	3858	89	84
MenuSevenScreen	16	258	258	243	243	3861	90	83
MenuSevenScreen	1	91	259	98	274	1833	91	98
MenuSevenScreen	8	98	266	91	267	1836	98	91
MenuSevenScreen	9	267	267	266	266	3864	91	98
MenuSevenScreen	16	274	274	259	259	3867	98	91
MenuEightScreen	1	11	99	18	114	1839	11	18
MenuEightScreen	2	12	100	17	113	1842	12	17
MenuEightScreen	3	13	101	16	112	1845	13	16
MenuEightScreen	4	14	102	15	111	1848	14	15
MenuEightScreen	5	15	103	14	110	1851	15	14
MenuEightScreen	6	16	104	13	109	1854	16	13
MenuEightScreen	7	17	105	12	108	1857	17	12
MenuEightScreen	8	18	106	11	107	1860	18	11
MenuEightScreen	9	107	107	106	106	3870	11	18
MenuEightScreen	10	108	108	105	105	3873	12	17
MenuEightScreen	11	109	109	104	104	3876	13	16
MenuEightScreen	12	110	110	103	103	3879	14	15
MenuEightScreen	13	111	111	102	102	3882	15	14
MenuEightScreen	14	112	112	101	101	3885	16	13
MenuEightScreen	15	113	113	100	100	3888	17	12
MenuEightScreen	16	114	114	99	99	3891	18	11
MenuEightScreen	1	19	115	26	130	1863	19	26
MenuEightScreen	2	20	116	25	129	1866	20	25
MenuEightScreen	3	21	117	24	128	1869	21	24
MenuEightScreen	4	22	118	23	127	1872	22	23
MenuEightScreen	5	23	119	22	126	1875	23	22
MenuEightScreen	6	24	120	21	125	1878	24	21
MenuEightScreen	7	25	121	20	124	1881	25	20
MenuEightScreen	8	26	122	19	123	1884	26	19
MenuEightScreen	9	123	123	122	122	3894	19	26
MenuEightScreen	10	124	124	121	121	3897	20	25
MenuEightScreen	11	125	125	120	120	3900	21	24
MenuEightScreen	12	126	126	119	119	3903	22	23
MenuEightScreen	13	127	127	118	118	3906	23	22
MenuEightScreen	14	128	128	117	117	3909	24	21
MenuEightScreen	15	129	129	116	116	3912	25	20
MenuEightScreen	16	130	130	115	115	3915	26	19
MenuEightScreen	1	27	131	34	146	1887	27	34
MenuEightScreen	2	28	132	33	145	1890	28	33
MenuEightScreen	3	29	133	32	144	1893	29	32
MenuEightScreen	4	30	134	31	143	1896	30	31
MenuEightScreen	5	31	135	30	142	1899	31	30
MenuEightScreen	6	32	136	29	141	1902	32	29
MenuEightScreen	7	33	137	28	140	1905	33	28
MenuEightScreen	8	34	138	27	139	1908	34	27
MenuEightScreen	9	139	139	138	138	3918	27	34
MenuEightScreen	10	140	140	137	137	3921	28	33
MenuEightScreen	11	141	141	136	136	3924	29	32
MenuEightScreen	12	142	142	135	135	3927	30	31
MenuEightScreen	13	143	143	134	134	3930	31	30
MenuEightScreen	14	144	144	133	133	3933	32	29
MenuEightScreen	15	145	145	132	132	3936	33	28
MenuEightScreen	16	146	146	131	131	3939	34	27
MenuEightScreen	1	35	147	42	162	1911	35	42
MenuEightScreen	2	36	148	41	161	1914	36	41
MenuEightScreen	3	37	149	40	160	1917	37	40
MenuEightScreen	4	38	150	39	159	1920	38	39
MenuEightScreen	5	39	151	38	158	1923	39	38
MenuEightScreen	6	40	152	37	157	1926	40	37
MenuEightScreen	7	41	153	36	156	1929	41	36
MenuEightScreen	8	42	154	35	155	1932	42	35
MenuEightScreen	9	155	155	154	154	3942	35	42
MenuEightScreen	10	156	156	153	153	3945	36	41
MenuEightScreen	11	157	157	152	152	3948	37	40
MenuEightScreen	12	158	158	151	151	3951	38	39
MenuEightScreen	13	159	159	150	150	3954	39	38
MenuEightScreen	14	160	160	149	149	3957	40	37
MenuEightScreen	15	161	161	148	148	3960	41	36
MenuEightScreen	16	162	162	147	147	3963	42	35
MenuEightScreen	1	43	163	50	178	1935	43	50
MenuEightScreen	2	44	164	49	177	1938	44	49
MenuEightScreen	4	46	166	47	175	1944	46	47
MenuEightScreen	5	47	167	46	174	1947	47	46
MenuEightScreen	6	48	168	45	173	1950	48	45
MenuEightScreen	7	59	169	44	172	1953	59	44
MenuEightScreen	8	50	170	43	171	1956	50	43
MenuEightScreen	9	171	171	170	170	3966	43	50
MenuEightScreen	10	172	172	169	169	3969	44	49
MenuEightScreen	11	173	173	168	168	3975	46	47
MenuEightScreen	12	174	174	167	167	3978	47	46
MenuEightScreen	13	175	175	166	166	3981	48	45
MenuEightScreen	15	177	177	164	164	3984	59	44
MenuEightScreen	16	178	178	163	163	3987	50	43
MenuEightScreen	1	51	179	58	194	1959	51	58
MenuEightScreen	2	52	180	57	193	1962	52	57
MenuEightScreen	4	54	182	55	191	1968	54	55
MenuEightScreen	5	55	183	54	190	1971	55	54
MenuEightScreen	6	56	184	53	189	1974	56	53
MenuEightScreen	7	57	185	52	188	1977	57	52
MenuEightScreen	8	58	186	51	187	1980	58	51
MenuEightScreen	9	187	187	186	186	3990	51	58
MenuEightScreen	10	188	188	185	185	3993	52	57
MenuEightScreen	11	189	189	184	184	3999	54	55
MenuEightScreen	12	190	190	183	183	4002	55	54
MenuEightScreen	13	191	191	182	182	4005	56	53
MenuEightScreen	15	193	193	180	180	4008	57	52
MenuEightScreen	16	194	194	179	179	4011	58	51
MenuEightScreen	1	59	195	66	210	1983	59	66
MenuEightScreen	2	60	196	65	209	1986	60	65
MenuEightScreen	3	61	197	64	208	1989	61	64
MenuEightScreen	4	62	198	63	207	1992	62	63
MenuEightScreen	5	63	199	62	206	1995	63	62
MenuEightScreen	6	64	200	61	205	1998	64	61
MenuEightScreen	7	65	201	60	204	2001	65	60
MenuEightScreen	8	66	202	59	203	2004	66	59
MenuEightScreen	9	203	203	202	202	4014	59	66
MenuEightScreen	10	204	204	201	201	4017	60	65
MenuEightScreen	11	205	205	200	200	4020	61	64
MenuEightScreen	12	206	206	199	199	4023	62	63
MenuEightScreen	13	207	207	198	198	4026	63	62
MenuEightScreen	14	208	208	197	197	4029	64	61
MenuEightScreen	15	209	209	196	196	4032	65	60
MenuEightScreen	16	210	210	195	195	4035	66	59
MenuEightScreen	1	67	211	74	226	2007	67	74
MenuEightScreen	16	226	226	211	211	4038	67	74
MenuEightScreen	1	75	227	82	242	2010	75	82
MenuEightScreen	2	76	228	81	241	2013	76	81
MenuEightScreen	3	77	229	80	240	2016	77	80
MenuEightScreen	4	78	230	79	239	2019	78	79
MenuEightScreen	5	79	231	78	238	2022	79	78
MenuEightScreen	6	80	232	77	237	2025	80	77
MenuEightScreen	7	81	233	76	236	2028	81	76
MenuEightScreen	8	82	234	75	235	2031	82	75
MenuEightScreen	9	235	235	234	234	4041	75	82
MenuEightScreen	10	236	236	233	233	4044	76	81
MenuEightScreen	11	237	237	232	232	4047	77	80
MenuEightScreen	12	238	238	231	231	4050	78	79
MenuEightScreen	13	239	239	230	230	4053	79	78
MenuEightScreen	14	240	240	229	229	4056	80	77
MenuEightScreen	15	241	241	228	228	4059	81	76
MenuEightScreen	16	242	242	227	227	4062	82	75
MenuEightScreen	1	83	243	90	258	2034	83	90
MenuEightScreen	2	84	244	89	257	2037	84	89
MenuEightScreen	3	85	245	88	256	2040	85	88
MenuEightScreen	4	86	246	87	255	2043	86	87
MenuEightScreen	5	87	247	86	254	2046	87	86
MenuEightScreen	6	88	248	85	253	2049	88	85
MenuEightScreen	7	89	249	84	252	2052	89	84
MenuEightScreen	8	90	250	83	251	2055	90	83
MenuEightScreen	9	251	251	250	250	4065	83	90
MenuEightScreen	10	252	252	249	249	4068	84	89
MenuEightScreen	11	253	253	248	248	4071	85	88
MenuEightScreen	12	254	254	247	247	4074	86	87
MenuEightScreen	13	255	255	246	246	4077	87	86
MenuEightScreen	14	256	256	245	245	4080	88	85
MenuEightScreen	15	257	257	244	244	4083	89	84
MenuEightScreen	16	258	258	243	243	4086	90	83
MenuEightScreen	1	91	259	98	274	2058	91	98
MenuEightScreen	2	92	260	97	273	2061	92	97
MenuEightScreen	3	93	261	96	272	2064	93	96
MenuEightScreen	4	94	262	95	271	2067	94	95
MenuEightScreen	5	95	263	94	270	2070	95	94
MenuEightScreen	6	96	264	93	269	2073	96	93
MenuEightScreen	7	97	265	92	268	2076	97	92
MenuEightScreen	8	98	266	91	267	2079	98	91
MenuEightScreen	9	267	267	266	266	4089	91	98
MenuEightScreen	10	268	268	265	265	4092	92	97
MenuEightScreen	11	269	269	264	264	4095	93	96
MenuEightScreen	12	270	270	263	263	4098	94	95
MenuEightScreen	13	271	271	262	262	4101	95	94
MenuEightScreen	14	272	272	261	261	4104	96	93
MenuEightScreen	15	273	273	260	260	4107	97	92
MenuEightScreen	16	274	274	259	259	4110	98	91
MenuNineScreen	1	11	99	18	114	2082	11	18
MenuNineScreen	8	18	106	11	107	2085	18	11
MenuNineScreen	9	107	107	106	106	4113	11	18
MenuNineScreen	16	114	114	99	99	4116	18	11
MenuNineScreen	1	19	115	26	130	2088	19	26
MenuNineScreen	8	26	122	19	123	2091	26	19
MenuNineScreen	9	123	123	122	122	4119	19	26
MenuNineScreen	16	130	130	115	115	4122	26	19
MenuNineScreen	1	27	131	34	146	4662	27	34
MenuNineScreen	8	34	138	27	139	4665	34	27
MenuNineScreen	9	139	139	138	138	4668	27	34
MenuNineScreen	16	146	146	131	131	4671	34	27
MenuNineScreen	1	35	147	42	162	2094	35	42
MenuNineScreen	8	42	154	35	155	2097	42	35
MenuNineScreen	9	155	155	154	154	4125	35	42
MenuNineScreen	16	162	162	147	147	4128	42	35
MenuNineScreen	1	43	163	50	178	2100	43	50
MenuNineScreen	8	50	170	43	171	2103	50	43
MenuNineScreen	9	171	171	170	170	4131	43	50
MenuNineScreen	16	178	178	163	163	4134	50	43
MenuNineScreen	1	51	179	58	194	2106	51	58
MenuNineScreen	8	58	186	51	187	2109	58	51
MenuNineScreen	9	187	187	186	186	4137	51	58
MenuNineScreen	16	194	194	179	179	4140	58	51
MenuNineScreen	1	59	195	66	210	2112	59	66
MenuNineScreen	8	66	202	59	203	2115	66	59
MenuNineScreen	9	203	203	202	202	4143	59	66
MenuNineScreen	16	210	210	195	195	4146	66	59
MenuNineScreen	1	67	211	74	226	2118	67	74
MenuNineScreen	8	74	218	67	219	2121	74	67
MenuNineScreen	9	219	219	218	218	4149	67	74
MenuNineScreen	16	226	226	211	211	4152	74	67
MenuNineScreen	1	75	227	82	242	2124	75	82
MenuNineScreen	8	82	234	75	235	2127	82	75
MenuNineScreen	9	235	235	234	234	4155	75	82
MenuNineScreen	16	242	242	227	227	4158	82	75
MenuNineScreen	1	83	243	90	258	2130	83	90
MenuNineScreen	2	84	244	89	257	2133	84	89
MenuNineScreen	4	86	246	87	255	2136	86	87
MenuNineScreen	5	87	247	86	254	2139	87	86
MenuNineScreen	6	88	248	85	253	2142	88	85
MenuNineScreen	7	89	249	84	252	2145	89	84
MenuNineScreen	8	90	250	83	251	2148	90	83
MenuNineScreen	9	251	251	250	250	4161	83	90
MenuNineScreen	10	252	252	249	249	4164	84	89
MenuNineScreen	11	253	253	248	248	4167	86	87
MenuNineScreen	12	254	254	247	247	4170	87	86
MenuNineScreen	13	255	255	246	246	4173	88	85
MenuNineScreen	15	257	257	244	244	4176	89	84
MenuNineScreen	16	258	258	243	243	4179	90	83
MenuNineScreen	1	91	259	98	274	2151	91	98
MenuNineScreen	2	92	260	97	273	2154	92	97
MenuNineScreen	3	93	261	96	272	2157	93	96
MenuNineScreen	4	94	262	95	271	2160	94	95
MenuNineScreen	5	95	263	94	270	2163	95	94
MenuNineScreen	6	96	264	93	269	2166	96	93
MenuNineScreen	7	97	265	92	268	2169	97	92
MenuNineScreen	8	98	266	91	267	2172	98	91
MenuNineScreen	9	267	267	266	266	4182	91	98
MenuNineScreen	10	268	268	265	265	4185	92	97
MenuNineScreen	11	269	269	264	264	4188	93	96
MenuNineScreen	12	270	270	263	263	4191	94	95
MenuNineScreen	13	271	271	262	262	4194	95	94
MenuNineScreen	14	272	272	261	261	4197	96	93
MenuNineScreen	15	273	273	260	260	4200	97	92
MenuNineScreen	16	274	274	259	259	4203	98	91
MenuTenScreen	1	11	99	18	114	2175	11	18
MenuTenScreen	2	12	100	17	113	2178	12	17
MenuTenScreen	3	13	101	16	112	2181	13	16
MenuTenScreen	4	14	102	15	111	2184	14	15
MenuTenScreen	5	15	103	14	110	2187	15	14
MenuTenScreen	6	16	104	13	109	2190	16	13
MenuTenScreen	7	17	105	12	108	2193	17	12
MenuTenScreen	8	18	106	11	107	2196	18	11
MenuTenScreen	9	107	107	106	106	4206	11	18
MenuTenScreen	10	108	108	105	105	4209	12	17
MenuTenScreen	11	109	109	104	104	4212	13	16
MenuTenScreen	12	110	110	103	103	4215	14	15
MenuTenScreen	13	111	111	102	102	4218	15	14
MenuTenScreen	14	112	112	101	101	4221	16	13
MenuTenScreen	15	113	113	100	100	4224	17	12
MenuTenScreen	16	114	114	99	99	4227	18	11
MenuTenScreen	1	19	115	26	130	2199	19	26
MenuTenScreen	2	20	116	25	129	2202	20	25
MenuTenScreen	3	21	117	24	128	2205	21	24
MenuTenScreen	4	22	118	23	127	2208	22	23
MenuTenScreen	5	23	119	22	126	2211	23	22
MenuTenScreen	6	24	120	21	125	2214	24	21
MenuTenScreen	7	25	121	20	124	2217	25	20
MenuTenScreen	8	26	122	19	123	2220	26	19
MenuTenScreen	9	123	123	122	122	4230	19	26
MenuTenScreen	10	124	124	121	121	4233	20	25
MenuTenScreen	11	125	125	120	120	4236	21	24
MenuTenScreen	12	126	126	119	119	4239	22	23
MenuTenScreen	13	127	127	118	118	4242	23	22
MenuTenScreen	14	128	128	117	117	4245	24	21
MenuTenScreen	15	129	129	116	116	4248	25	20
MenuTenScreen	16	130	130	115	115	4251	26	19
MenuTenScreen	1	27	131	34	146	2223	27	34
MenuTenScreen	2	28	132	33	145	2226	28	33
MenuTenScreen	3	29	133	32	144	2229	29	32
MenuTenScreen	4	30	134	31	143	2232	30	31
MenuTenScreen	5	31	135	30	142	2235	31	30
MenuTenScreen	6	32	136	29	141	2238	32	29
MenuTenScreen	7	33	137	28	140	2241	33	28
MenuTenScreen	8	34	138	27	139	2244	34	27
MenuTenScreen	9	139	139	138	138	4254	27	34
MenuTenScreen	10	140	140	137	137	4257	28	33
MenuTenScreen	11	141	141	136	136	4260	29	32
MenuTenScreen	12	142	142	135	135	4263	30	31
MenuTenScreen	13	143	143	134	134	4266	31	30
MenuTenScreen	14	144	144	133	133	4269	32	29
MenuTenScreen	15	145	145	132	132	4272	33	28
MenuTenScreen	16	146	146	131	131	4275	34	27
MenuTenScreen	1	35	147	42	162	2247	35	42
MenuTenScreen	2	36	148	41	161	2250	36	41
MenuTenScreen	3	37	149	40	160	2253	37	40
MenuTenScreen	4	38	150	39	159	2256	38	39
MenuTenScreen	5	39	151	38	158	2259	39	38
MenuTenScreen	6	40	152	37	157	2262	40	37
MenuTenScreen	7	41	153	36	156	2265	41	36
MenuTenScreen	8	42	154	35	155	2268	42	35
MenuTenScreen	9	155	155	154	154	4278	35	42
MenuTenScreen	10	156	156	153	153	4281	36	41
MenuTenScreen	11	157	157	152	152	4284	37	40
MenuTenScreen	12	158	158	151	151	4287	38	39
MenuTenScreen	13	159	159	150	150	4290	39	38
MenuTenScreen	14	160	160	149	149	4293	40	37
MenuTenScreen	15	161	161	148	148	4296	41	36
MenuTenScreen	16	162	162	147	147	4299	42	35
MenuTenScreen	1	43	163	50	178	2271	43	50
MenuTenScreen	2	44	164	49	177	2274	44	49
MenuTenScreen	3	45	165	48	176	2277	45	48
MenuTenScreen	4	46	166	47	175	2280	46	47
MenuTenScreen	5	47	167	46	174	2283	47	46
MenuTenScreen	6	48	168	45	173	2286	48	45
MenuTenScreen	7	49	169	44	172	2289	49	44
MenuTenScreen	8	50	170	43	171	2292	50	43
MenuTenScreen	9	171	171	170	170	4302	43	50
MenuTenScreen	10	172	172	169	169	4305	44	49
MenuTenScreen	11	173	173	168	168	4308	45	48
MenuTenScreen	12	174	174	167	167	4311	46	47
MenuTenScreen	13	175	175	166	166	4314	47	46
MenuTenScreen	14	176	176	165	165	4317	48	45
MenuTenScreen	15	177	177	164	164	4320	49	44
MenuTenScreen	16	178	178	163	163	4323	50	43
MenuTenScreen	1	59	195	66	210	2295	59	66
MenuTenScreen	2	60	196	65	209	2298	60	65
MenuTenScreen	3	61	197	64	208	2301	61	64
MenuTenScreen	4	62	198	63	207	2304	62	63
MenuTenScreen	5	63	199	62	206	2307	63	62
MenuTenScreen	6	64	200	61	205	2310	64	61
MenuTenScreen	7	65	201	60	204	2313	65	60
MenuTenScreen	8	66	202	59	203	2316	66	59
MenuTenScreen	9	203	203	202	202	4326	59	66
MenuTenScreen	10	204	204	201	201	4329	60	65
MenuTenScreen	11	205	205	200	200	4332	61	64
MenuTenScreen	12	206	206	199	199	4335	62	63
MenuTenScreen	13	207	207	198	198	4338	63	62
MenuTenScreen	14	208	208	197	197	4341	64	61
MenuTenScreen	15	209	209	196	196	4344	65	60
MenuTenScreen	16	210	210	195	195	4347	66	59
MenuTenScreen	1	67	211	74	226	2319	67	74
MenuTenScreen	2	68	212	73	225	2322	68	73
MenuTenScreen	3	69	213	72	224	2325	69	72
MenuTenScreen	4	70	214	71	223	2328	70	71
MenuTenScreen	5	71	215	70	222	2331	71	70
MenuTenScreen	6	72	216	69	221	2334	72	69
MenuTenScreen	7	73	217	68	220	2337	73	68
MenuTenScreen	8	74	218	67	219	2340	74	67
MenuTenScreen	9	219	219	218	218	4350	67	74
MenuTenScreen	10	220	220	217	217	4353	68	73
MenuTenScreen	11	221	221	216	216	4356	69	72
MenuTenScreen	12	222	222	215	215	4359	70	71
MenuTenScreen	13	223	223	214	214	4362	71	70
MenuTenScreen	14	224	224	213	213	4365	72	69
MenuTenScreen	15	225	225	212	212	4368	73	68
MenuTenScreen	16	226	226	211	211	4371	74	67
MenuTenScreen	1	75	227	82	242	2343	75	82
MenuTenScreen	2	76	228	81	241	2346	76	81
MenuTenScreen	3	77	229	80	240	2349	77	80
MenuTenScreen	4	78	230	79	239	2352	78	79
MenuTenScreen	5	79	231	78	238	2355	79	78
MenuTenScreen	6	80	232	77	237	2358	80	77
MenuTenScreen	7	81	233	76	236	2361	81	76
MenuTenScreen	8	82	234	75	235	2364	82	75
MenuTenScreen	9	235	235	234	234	4374	75	82
MenuTenScreen	10	236	236	233	233	4377	76	81
MenuTenScreen	11	237	237	232	232	4380	77	80
MenuTenScreen	12	238	238	231	231	4383	78	79
MenuTenScreen	13	239	239	230	230	4386	79	78
MenuTenScreen	14	240	240	229	229	4389	80	77
MenuTenScreen	15	241	241	228	228	4392	81	76
MenuTenScreen	16	242	242	227	227	4395	82	75
MenuTenScreen	1	83	243	90	258	2367	83	90
MenuTenScreen	2	84	244	89	257	2370	84	89
MenuTenScreen	3	85	245	88	256	2373	85	88
MenuTenScreen	4	86	246	87	255	2376	86	87
MenuTenScreen	5	87	247	86	254	2379	87	86
MenuTenScreen	6	88	248	85	253	2382	88	85
MenuTenScreen	7	89	249	84	252	2385	89	84
MenuTenScreen	8	90	250	83	251	2388	90	83
MenuTenScreen	9	251	251	250	250	4398	83	90
MenuTenScreen	10	252	252	249	249	4401	84	89
MenuTenScreen	11	253	253	248	248	4404	85	88
MenuTenScreen	12	254	254	247	247	4407	86	87
MenuTenScreen	13	255	255	246	246	4410	87	86
MenuTenScreen	14	256	256	245	245	4413	88	85
MenuTenScreen	15	257	257	244	244	4416	89	84
MenuTenScreen	16	258	258	243	243	4419	90	83
TestOneScreen	1	11	99	18	114	200	11	18
TestOneScreen	2	12	100	17	113	200	12	17
TestOneScreen	3	13	101	16	112	200	13	16
TestOneScreen	4	14	102	15	111	200	14	15
TestOneScreen	5	15	103	14	110	200	15	14
TestOneScreen	6	16	104	13	109	200	16	13
TestOneScreen	7	17	105	12	108	200	17	12
TestOneScreen	8	18	106	11	107	200	18	11
TestOneScreen	9	107	107	106	106	200	11	18
TestOneScreen	10	108	108	105	105	200	12	17
TestOneScreen	11	109	109	104	104	200	13	16
TestOneScreen	12	110	110	103	103	200	14	15
TestOneScreen	13	111	111	102	102	200	15	14
TestOneScreen	14	112	112	101	101	200	16	13
TestOneScreen	15	113	113	100	100	200	17	12
TestOneScreen	16	114	114	99	99	200	18	11
TestOneScreen	1	19	115	26	130	200	19	26
TestOneScreen	2	20	116	25	129	200	20	25
TestOneScreen	3	21	117	24	128	200	21	24
TestOneScreen	4	22	118	23	127	200	22	23
TestOneScreen	5	23	119	22	126	200	23	22
TestOneScreen	6	24	120	21	125	200	24	21
TestOneScreen	7	25	121	20	124	200	25	20
TestOneScreen	8	26	122	19	123	200	26	19
TestOneScreen	9	123	123	122	122	200	19	26
TestOneScreen	10	124	124	121	121	200	20	25
TestOneScreen	11	125	125	120	120	200	21	24
TestOneScreen	12	126	126	119	119	200	22	23
TestOneScreen	13	127	127	118	118	200	23	22
TestOneScreen	14	128	128	117	117	200	24	21
TestOneScreen	15	129	129	116	116	200	25	20
TestOneScreen	16	130	130	115	115	200	26	19
TestOneScreen	1	27	131	34	146	200	27	34
TestOneScreen	2	28	132	33	145	200	28	33
TestOneScreen	5	31	135	30	142	200	31	30
TestOneScreen	7	33	137	28	140	200	33	28
TestOneScreen	8	34	138	27	139	200	34	27
TestOneScreen	9	139	139	138	138	200	27	34
TestOneScreen	10	140	140	137	137	200	28	33
TestOneScreen	12	142	142	135	135	200	31	30
TestOneScreen	15	145	145	132	132	200	33	28
TestOneScreen	16	146	146	131	131	200	34	27
TestOneScreen	1	35	147	42	162	200	35	42
TestOneScreen	8	42	154	35	155	200	42	35
TestOneScreen	9	155	155	154	154	200	35	42
TestOneScreen	16	162	162	147	147	200	42	35
TestOneScreen	1	43	163	50	178	200	43	50
TestOneScreen	2	44	164	49	177	200	44	49
TestOneScreen	3	45	165	48	176	200	45	48
TestOneScreen	4	46	166	47	175	200	46	47
TestOneScreen	5	47	167	46	174	200	47	46
TestOneScreen	6	48	168	45	173	200	48	45
TestOneScreen	7	49	169	44	172	200	49	44
TestOneScreen	8	50	170	43	171	200	50	43
TestOneScreen	9	171	171	170	170	200	43	50
TestOneScreen	10	172	172	169	169	200	44	49
TestOneScreen	11	173	173	168	168	200	45	48
TestOneScreen	12	174	174	167	167	200	46	47
TestOneScreen	13	175	175	166	166	200	47	46
TestOneScreen	14	176	176	165	165	200	48	45
TestOneScreen	15	177	177	164	164	200	49	44
TestOneScreen	16	178	178	163	163	200	50	43
TestOneScreen	3	53	181	56	192	200	53	56
TestOneScreen	6	56	184	53	189	200	56	53
TestOneScreen	11	189	189	184	184	200	53	56
TestOneScreen	14	192	192	181	181	200	56	53
TestOneScreen	1	59	195	66	210	200	59	66
TestOneScreen	2	60	196	65	209	200	60	65
TestOneScreen	5	63	199	62	206	200	63	62
TestOneScreen	7	65	201	60	204	200	65	60
TestOneScreen	8	66	202	59	203	200	66	59
TestOneScreen	9	203	203	202	202	200	59	66
TestOneScreen	10	204	204	201	201	200	60	65
TestOneScreen	12	206	206	199	199	200	63	62
TestOneScreen	15	209	209	196	196	200	65	60
TestOneScreen	16	210	210	195	195	200	66	59
TestOneScreen	1	67	211	74	226	200	67	74
TestOneScreen	2	68	212	73	225	200	68	73
TestOneScreen	5	71	215	70	222	200	71	70
TestOneScreen	7	73	217	68	220	200	73	68
TestOneScreen	8	74	218	67	219	200	74	67
TestOneScreen	9	219	219	218	218	200	67	74
TestOneScreen	10	220	220	217	217	200	68	73
TestOneScreen	12	222	222	215	215	200	71	70
TestOneScreen	15	225	225	212	212	200	73	68
TestOneScreen	16	226	226	211	211	200	74	67
TestOneScreen	1	75	227	82	242	200	75	82
TestOneScreen	2	76	228	81	241	200	76	81
TestOneScreen	5	79	231	78	238	200	79	78
TestOneScreen	7	81	233	76	236	200	81	76
TestOneScreen	8	82	234	75	235	200	82	75
TestOneScreen	9	235	235	234	234	200	75	82
TestOneScreen	10	236	236	233	233	200	76	81
TestOneScreen	12	238	238	231	231	200	79	78
TestOneScreen	15	241	241	228	228	200	81	76
TestOneScreen	16	242	242	227	227	200	82	75
TestTwoScreen	1	11	99	18	114	300	11	18
TestTwoScreen	2	12	100	17	113	300	12	17
TestTwoScreen	3	13	101	16	112	300	13	16
TestTwoScreen	4	14	102	15	111	300	14	15
TestTwoScreen	5	15	103	14	110	300	15	14
TestTwoScreen	6	16	104	13	109	300	16	13
TestTwoScreen	7	17	105	12	108	300	17	12
TestTwoScreen	8	18	106	11	107	300	18	11
TestTwoScreen	9	107	107	106	106	300	11	18
TestTwoScreen	10	108	108	105	105	300	12	17
TestTwoScreen	11	109	109	104	104	300	13	16
TestTwoScreen	12	110	110	103	103	300	14	15
TestTwoScreen	13	111	111	102	102	300	15	14
TestTwoScreen	14	112	112	101	101	300	16	13
TestTwoScreen	15	113	113	100	100	300	17	12
TestTwoScreen	16	114	114	99	99	300	18	11
TestTwoScreen	1	19	115	26	130	300	19	26
TestTwoScreen	2	20	116	25	129	300	20	25
TestTwoScreen	3	21	117	24	128	300	21	24
TestTwoScreen	4	22	118	23	127	300	22	23
TestTwoScreen	5	23	119	22	126	300	23	22
TestTwoScreen	6	24	120	21	125	300	24	21
TestTwoScreen	7	25	121	20	124	300	25	20
TestTwoScreen	8	26	122	19	123	300	26	19
TestTwoScreen	9	123	123	122	122	300	19	26
TestTwoScreen	10	124	124	121	121	300	20	25
TestTwoScreen	11	125	125	120	120	300	21	24
TestTwoScreen	12	126	126	119	119	300	22	23
TestTwoScreen	13	127	127	118	118	300	23	22
TestTwoScreen	14	128	128	117	117	300	24	21
TestTwoScreen	15	129	129	116	116	300	25	20
TestTwoScreen	16	130	130	115	115	300	26	19
TestTwoScreen	1	27	131	34	146	300	27	34
TestTwoScreen	2	28	132	33	145	300	28	33
TestTwoScreen	3	29	133	32	144	300	29	32
TestTwoScreen	4	30	134	31	143	300	30	31
TestTwoScreen	5	31	135	30	142	300	31	30
TestTwoScreen	6	32	136	29	141	300	32	29
TestTwoScreen	7	33	137	28	140	300	33	28
TestTwoScreen	8	34	138	27	139	300	34	27
TestTwoScreen	9	139	139	138	138	300	27	34
TestTwoScreen	10	140	140	137	137	300	28	33
TestTwoScreen	11	141	141	136	136	300	29	32
TestTwoScreen	12	142	142	135	135	300	30	31
TestTwoScreen	13	143	143	134	134	300	31	30
TestTwoScreen	14	144	144	133	133	300	32	29
TestTwoScreen	15	145	145	132	132	300	33	28
TestTwoScreen	16	146	146	131	131	300	34	27
TestTwoScreen	1	35	147	42	162	300	35	42
TestTwoScreen	2	36	148	41	161	300	36	41
TestTwoScreen	3	37	149	40	160	300	37	40
TestTwoScreen	4	38	150	39	159	300	38	39
TestTwoScreen	5	39	151	38	158	300	39	38
TestTwoScreen	6	40	152	37	157	300	40	37
TestTwoScreen	7	41	153	36	156	300	41	36
TestTwoScreen	8	42	154	35	155	300	42	35
TestTwoScreen	9	155	155	154	154	300	35	42
TestTwoScreen	10	156	156	153	153	300	36	41
TestTwoScreen	11	157	157	152	152	300	37	40
TestTwoScreen	12	158	158	151	151	300	38	39
TestTwoScreen	13	159	159	150	150	300	39	38
TestTwoScreen	14	160	160	149	149	300	40	37
TestTwoScreen	15	161	161	148	148	300	41	36
TestTwoScreen	16	162	162	147	147	300	42	35
TestTwoScreen	1	43	163	50	178	300	43	50
TestTwoScreen	2	44	164	49	177	300	44	49
TestTwoScreen	3	45	165	48	176	300	45	48
TestTwoScreen	4	46	166	47	175	300	46	47
TestTwoScreen	5	47	167	46	174	300	47	46
TestTwoScreen	6	48	168	45	173	300	48	45
TestTwoScreen	7	49	169	44	172	300	49	44
TestTwoScreen	8	50	170	43	171	300	50	43
TestTwoScreen	9	171	171	170	170	300	43	50
TestTwoScreen	10	172	172	169	169	300	44	49
TestTwoScreen	11	173	173	168	168	300	45	48
TestTwoScreen	12	174	174	167	167	300	46	47
TestTwoScreen	13	175	175	166	166	300	47	46
TestTwoScreen	14	176	176	165	165	300	48	45
TestTwoScreen	15	177	177	164	164	300	49	44
TestTwoScreen	16	178	178	163	163	300	50	43
TestTwoScreen	1	51	179	58	194	300	51	58
TestTwoScreen	2	52	180	57	193	300	52	57
TestTwoScreen	3	53	181	56	192	300	53	56
TestTwoScreen	4	54	182	55	191	300	54	55
TestTwoScreen	5	55	183	54	190	300	55	54
TestTwoScreen	6	56	184	53	189	300	56	53
TestTwoScreen	7	57	185	52	188	300	57	52
TestTwoScreen	8	58	186	51	187	300	58	51
TestTwoScreen	9	187	187	186	186	300	51	58
TestTwoScreen	10	188	188	185	185	300	52	57
TestTwoScreen	11	189	189	184	184	300	53	56
TestTwoScreen	12	190	190	183	183	300	54	55
TestTwoScreen	13	191	191	182	182	300	55	54
TestTwoScreen	14	192	192	181	181	300	56	53
TestTwoScreen	15	193	193	180	180	300	57	52
TestTwoScreen	16	194	194	179	179	300	58	51
TestTwoScreen	1	59	195	66	210	300	59	66
TestTwoScreen	2	60	196	65	209	300	60	65
TestTwoScreen	3	61	197	64	208	300	61	64
TestTwoScreen	4	62	198	63	207	300	62	63
TestTwoScreen	5	63	199	62	206	300	63	62
TestTwoScreen	6	64	200	61	205	300	64	61
TestTwoScreen	7	65	201	60	204	300	65	60
TestTwoScreen	8	66	202	59	203	300	66	59
TestTwoScreen	9	203	203	202	202	300	59	66
TestTwoScreen	10	204	204	201	201	300	60	65
TestTwoScreen	11	205	205	200	200	300	61	64
TestTwoScreen	12	206	206	199	199	300	62	63
TestTwoScreen	13	207	207	198	198	300	63	62
TestTwoScreen	14	208	208	197	197	300	64	61
TestTwoScreen	15	209	209	196	196	300	65	60
TestTwoScreen	16	210	210	195	195	300	66	59
TestTwoScreen	1	67	211	74	226	300	67	74
TestTwoScreen	2	68	212	73	225	300	68	73
TestTwoScreen	3	69	213	72	224	300	69	72
TestTwoScreen	4	70	214	71	223	300	70	71
TestTwoScreen	5	71	215	70	222	300	71	70
TestTwoScreen	6	72	216	69	221	300	72	69
TestTwoScreen	7	73	217	68	220	300	73	68
TestTwoScreen	8	74	218	67	219	300	74	67
TestTwoScreen	9	219	219	218	218	300	67	74
TestTwoScreen	10	220	220	217	217	300	68	73
TestTwoScreen	11	221	221	216	216	300	69	72
TestTwoScreen	12	222	222	215	215	300	70	71
TestTwoScreen	13	223	223	214	214	300	71	70
TestTwoScreen	14	224	224	213	213	300	72	69
TestTwoScreen	15	225	225	212	212	300	73	68
TestTwoScreen	16	226	226	211	211	300	74	67
TestThreeScreen	1	11	99	18	114	400	11	18
TestThreeScreen	2	12	100	17	113	400	12	17
TestThreeScreen	3	13	101	16	112	400	13	16
TestThreeScreen	4	14	102	15	111	400	14	15
TestThreeScreen	5	15	103	14	110	400	15	14
TestThreeScreen	6	16	104	13	109	400	16	13
TestThreeScreen	7	17	105	12	108	400	17	12
TestThreeScreen	8	18	106	11	107	400	18	11
TestThreeScreen	9	107	107	106	106	400	11	18
TestThreeScreen	10	108	108	105	105	400	12	17
TestThreeScreen	11	109	109	104	104	400	13	16
TestThreeScreen	12	110	110	103	103	400	14	15
TestThreeScreen	13	111	111	102	102	400	15	14
TestThreeScreen	14	112	112	101	101	400	16	13
TestThreeScreen	15	113	113	100	100	400	17	12
TestThreeScreen	16	114	114	99	99	400	18	11
TestThreeScreen	1	19	115	26	130	400	19	26
TestThreeScreen	2	20	116	25	129	400	20	25
TestThreeScreen	3	21	117	24	128	400	21	24
TestThreeScreen	4	22	118	23	127	400	22	23
TestThreeScreen	5	23	119	22	126	400	23	22
TestThreeScreen	6	24	120	21	125	400	24	21
TestThreeScreen	7	25	121	20	124	400	25	20
TestThreeScreen	8	26	122	19	123	400	26	19
TestThreeScreen	9	123	123	122	122	400	19	26
TestThreeScreen	10	124	124	121	121	400	20	25
TestThreeScreen	11	125	125	120	120	400	21	24
TestThreeScreen	12	126	126	119	119	400	22	23
TestThreeScreen	13	127	127	118	118	400	23	22
TestThreeScreen	14	128	128	117	117	400	24	21
TestThreeScreen	15	129	129	116	116	400	25	20
TestThreeScreen	16	130	130	115	115	400	26	19
TestThreeScreen	1	27	131	34	146	400	27	34
TestThreeScreen	2	28	132	33	145	400	28	33
TestThreeScreen	3	29	133	32	144	400	29	32
TestThreeScreen	4	30	134	31	143	400	30	31
TestThreeScreen	5	31	135	30	142	400	31	30
TestThreeScreen	6	32	136	29	141	400	32	29
TestThreeScreen	7	33	137	28	140	400	33	28
TestThreeScreen	8	34	138	27	139	400	34	27
TestThreeScreen	9	139	139	138	138	400	27	34
TestThreeScreen	10	140	140	137	137	400	28	33
TestThreeScreen	11	141	141	136	136	400	29	32
TestThreeScreen	12	142	142	135	135	400	30	31
TestThreeScreen	13	143	143	134	134	400	31	30
TestThreeScreen	14	144	144	133	133	400	32	29
TestThreeScreen	15	145	145	132	132	400	33	28
TestThreeScreen	16	146	146	131	131	400	34	27
TestThreeScreen	1	35	147	42	162	400	35	42
TestThreeScreen	2	36	148	41	161	400	36	41
TestThreeScreen	3	37	149	40	160	400	37	40
TestThreeScreen	4	38	150	39	159	400	38	39
TestThreeScreen	5	39	151	38	158	400	39	38
TestThreeScreen	6	40	152	37	157	400	40	37
TestThreeScreen	7	41	153	36	156	400	41	36
TestThreeScreen	8	42	154	35	155	400	42	35
TestThreeScreen	9	155	155	154	154	400	35	42
TestThreeScreen	10	156	156	153	153	400	36	41
TestThreeScreen	11	157	157	152	152	400	37	40
TestThreeScreen	12	158	158	151	151	400	38	39
TestThreeScreen	13	159	159	150	150	400	39	38
TestThreeScreen	14	160	160	149	149	400	40	37
TestThreeScreen	15	161	161	148	148	400	41	36
TestThreeScreen	16	162	162	147	147	400	42	35
BrakeOneTest	4	14	102	15	111	450		
BrakeOneTest	13	111	111	102	102	450		
BrakeOneTest	4	22	118	23	127	453		
BrakeOneTest	13	127	127	118	118	453		
BrakeOneTest	4	30	134	31	142	456		
BrakeOneTest	13	142	142	134	134	456		
BrakeOneTest	4	38	150	39	158	459		
BrakeOneTest	13	158	158	150	150	459		
BrakeOneTest	4	46	166	47	174	462		
BrakeOneTest	13	174	174	166	166	462		
BrakeOneTest	4	54	182	55	190	465		
BrakeOneTest	13	190	190	182	182	465		
BrakeOneTest	4	62	198	63	206	468		
BrakeOneTest	13	206	206	198	198	468		
BrakeOneTest	4	70	214	71	222	471		
BrakeOneTest	13	222	222	214	214	471		
BrakeOneTest	4	78	230	79	238	474		
BrakeOneTest	13	238	238	230	230	474		
BrakeTwoTest	4	14	102	15	111	478		
BrakeTwoTest	13	111	111	102	102	478		
BrakeTwoTest	4	22	118	23	127	481		
BrakeTwoTest	13	127	127	118	118	481		
BrakeTwoTest	4	30	134	31	142	484		
BrakeTwoTest	13	142	142	134	134	484		
BrakeTwoTest	4	38	150	39	158	487		
BrakeTwoTest	13	158	158	150	150	487		
BrakeTwoTest	4	46	166	47	174	490		
BrakeTwoTest	13	174	174	166	166	490		
BrakeTwoTest	4	54	182	55	190	493		
BrakeTwoTest	13	190	190	182	182	493		
BrakeThreeTest	4	14	102	15	111	497		
BrakeThreeTest	13	111	111	102	102	497		
BrakeThreeTest	4	22	118	23	127	500		
BrakeThreeTest	13	127	127	118	118	500		
BrakeThreeTest	4	30	134	31	142	503		
BrakeThreeTest	13	142	142	134	134	503		
BrakeThreeTest	4	38	150	39	158	506		
BrakeThreeTest	13	158	158	150	150	506		
BrakeThreeTest	4	46	166	47	174	509		
BrakeThreeTest	13	174	174	166	166	509		
BrakeThreeTest	4	54	182	55	190	512		
BrakeThreeTest	13	190	190	182	182	512		
BrakeThreeTest	4	62	198	63	206	515		
BrakeThreeTest	13	206	206	198	198	515		
BrakeThreeTest	4	70	214	71	222	518		
BrakeThreeTest	13	222	222	214	214	518		
Command	3	13	101	16	112	4780	13	16
Command	6	16	104	13	109	4781	16	13
Command	11	109	109	104	104	2655	13	16
Command	14	112	112	101	101	2658	16	13
Command	3	21	117	24	128	4782	21	24
Command	6	24	120	21	125	4783	24	21
Command	11	125	125	120	120	2670	21	24
Command	14	128	128	117	117	2673	24	21
Command	1	27	131	34	146	4784	27	34
Command	2	28	132	33	145	4785	28	33
Command	5	31	135	30	142	4786	31	30
Command	7	33	137	28	140	4787	33	28
Command	8	34	138	27	139	4788	34	27
Command	9	139	139	138	138	2676	27	34
Command	10	140	140	137	137	2679	28	33
Command	12	142	142	135	135	2682	31	30
Command	15	145	145	132	132	2685	33	28
Command	16	146	146	131	131	2688	34	27
Command	1	35	147	42	162	4789	35	42
Command	2	36	148	41	161	4790	36	41
Command	5	39	151	38	158	4791	39	38
Command	7	41	153	36	156	4792	41	36
Command	8	42	154	35	155	4793	42	35
Command	9	155	155	154	154	2691	35	42
Command	10	156	156	153	153	2694	36	41
Command	12	158	158	151	151	2697	39	38
Command	15	161	161	148	148	2700	41	36
Command	16	162	162	147	147	2703	42	35
Command	3	45	165	48	176	4794	45	48
Command	6	48	168	45	173	4795	48	45
Command	11	173	173	168	168	2724	45	48
Command	14	176	176	165	165	2727	48	45
